disc_index,point_index,theta_rad,phi_rad,theta_prime_rad,s_m,radial_distance_m,capture_velocity_m_per_s,velocity_resolution_m_per_s,trapped_velocity_lower_m_per_s,untrapped_velocity_upper_m_per_s,lower_classification,upper_classification,lower_entered_trap_core,upper_entered_trap_core,lower_core_entry_count,upper_core_entry_count,x0_m,y0_m,z0_m,vx_hat,vy_hat,vz_hat
0,0,2.081126167973928,2.094754810115193,1.2615928672388128,0.013343560558699065,0.015,2.421875,0.146484375,2.421875,2.568359375,two_core_entries,escaped,True,False,2,0,-0.006957855840346926,0.00392552069211128,-0.018418174116465118,0.43656351510033914,-0.7555224388958419,0.4884650873994115
0,1,2.081126167973928,2.094754810115193,4.2634293894757,0.008948127267715981,0.015,3.3203125,0.13671875,3.3203125,3.45703125,two_core_entries,escaped,True,False,2,0,-0.005155805323893795,0.01668535107989448,-0.00029276680483757925,0.43656351510033914,-0.7555224388958419,0.4884650873994115
0,2,2.081126167973928,2.094754810115193,4.470433678614027,0.0075955714617847074,0.015,3.73046875,0.13671875,3.73046875,3.8671875,two_core_entries,escaped,True,False,2,0,-0.00677486361136871,0.015362219661285143,-0.0008922645105878587,0.43656351510033914,-0.7555224388958419,0.4884650873994115
0,3,2.081126167973928,2.094754810115193,4.75805486689437,0.009608719430362568,0.015,3.3203125,0.13671875,3.3203125,3.45703125,two_core_entries,escaped,True,False,2,0,-0.00927402154339085,0.015173010837410955,0.0010486923438069347,0.43656351510033914,-0.7555224388958419,0.4884650873994115
0,4,2.081126167973928,2.094754810115193,2.763288973193147,0.010626535937500289,0.015,3.25,0.25,3.25,3.5,two_core_entries,escaped,True,False,2,0,0.00296108439812838,0.014613533349985212,-0.010751738847601153,0.43656351510033914,-0.7555224388958419,0.4884650873994115
0,5,2.081126167973928,2.094754810115193,0.805721399882678,0.014639031398470734,0.015,3.75,0.25,3.75,4.0,bounded_core_residence,escaped,True,False,1,0,-0.012746541231683037,0.001794228647262832,-0.01654109036538274,0.43656351510033914,-0.7555224388958419,0.4884650873994115
0,6,2.081126167973928,2.094754810115193,3.6362119485740494,0.004098144100053861,0.015,3.8671875,0.13671875,3.8671875,4.00390625,two_core_entries,escaped,True,False,2,0,-0.003900785718488636,0.013960217618141275,-0.005629474211449884,0.43656351510033914,-0.7555224388958419,0.4884650873994115
0,7,2.081126167973928,2.094754810115193,4.296667495562236,0.010791975634339864,0.015,2.7734375,0.13671875,2.7734375,2.91015625,two_core_entries,escaped,True,False,2,0,-0.0051875577330756616,0.017688907549306895,0.0012878402735843706,0.43656351510033914,-0.7555224388958419,0.4884650873994115
0,8,2.081126167973928,2.094754810115193,2.4319023188484157,0.01474337856313018,0.015,0.0,3.0,0.0,3.0,indeterminate_zero_flux,escaped,False,False,0,0,0.0054827302297646985,0.012865174178093786,-0.01570968408500629,0.43656351510033914,-0.7555224388958419,0.4884650873994115
0,9,2.081126167973928,2.094754810115193,0.6440564577780407,0.009420444208725436,0.015,4.0,0.25,4.0,4.25,two_core_entries,escaped,True,False,2,0,-0.01168870315399777,0.005171569742764618,-0.012262701744034741,0.43656351510033914,-0.7555224388958419,0.4884650873994115
0,10,2.081126167973928,2.094754810115193,1.4868888505501965,0.007404897092460587,0.015,2.91015625,0.13671875,2.91015625,3.046875,two_core_entries,escaped,True,True,2,1,-0.005282517328893669,0.007901570405816096,-0.013765634629097221,0.43656351510033914,-0.7555224388958419,0.4884650873994115
0,11,2.081126167973928,2.094754810115193,6.179481071344482,0.010159416073228077,0.015,3.046875,0.13671875,3.046875,3.18359375,two_core_entries,escaped,True,False,2,0,-0.015554694746359853,0.006722067186478654,-0.006409291617409609,0.43656351510033914,-0.7555224388958419,0.4884650873994115
0,12,2.081126167973928,2.094754810115193,6.058982556986765,0.009196004020372097,0.015,3.3203125,0.13671875,3.3203125,3.45703125,two_core_entries,escaped,True,False,2,0,-0.014811142011636705,0.007711830150890237,-0.005542944883151034,0.43656351510033914,-0.7555224388958419,0.4884650873994115
0,13,2.081126167973928,2.094754810115193,1.8625221181792913,0.010964094821802998,0.015,2.91015625,0.13671875,2.91015625,3.046875,two_core_entries,escaped,True,False,2,0,-0.001251905367708305,0.008469305690999716,-0.016489844429957195,0.43656351510033914,-0.7555224388958419,0.4884650873994115
0,14,2.081126167973928,2.094754810115193,1.3130507512906573,0.013016136534278865,0.015,2.5,0.13671875,2.5,2.63671875,two_core_entries,escaped,True,False,2,0,-0.0063453117202752485,0.0043497504956031986,-0.018309464767642072,0.43656351510033914,-0.7555224388958419,0.4884650873994115
0,15,2.081126167973928,2.094754810115193,2.9370814481172913,0.009726125936752527,0.015,3.45703125,0.13671875,3.45703125,3.59375,two_core_entries,escaped,True,False,2,0,0.0021800968943320714,0.015262112201249487,-0.009050559895684101,0.43656351510033914,-0.7555224388958419,0.4884650873994115
0,16,2.081126167973928,2.094754810115193,1.108805011749155,0.004861223959690308,0.015,3.45703125,0.13671875,3.45703125,3.59375,two_core_entries,escaped,True,False,2,0,-0.007361101681373801,0.00840831357176338,-0.011124115394117532,0.43656351510033914,-0.7555224388958419,0.4884650873994115
0,17,2.081126167973928,2.094754810115193,5.404375736545979,0.005858727105581944,0.015,4.4140625,0.13671875,4.4140625,4.55078125,two_core_entries,escaped,True,False,2,0,-0.010887659004649932,0.011370442613244701,-0.0033906635744430343,0.43656351510033914,-0.7555224388958419,0.4884650873994115
0,18,2.081126167973928,2.094754810115193,5.8338159110155505,0.0016095554479348096,0.015,4.27734375,0.13671875,4.27734375,4.4140625,two_core_entries,escaped,True,True,2,1,-0.00797459214285139,0.010903215523084445,-0.006716877261966299,0.43656351510033914,-0.7555224388958419,0.4884650873994115
0,19,2.081126167973928,2.094754810115193,0.06708058893258108,0.005688612896846162,0.015,3.75,0.25,3.75,4.0,two_core_entries,escaped,True,False,2,0,-0.011369648742764372,0.00833189002705139,-0.007659700564215455,0.43656351510033914,-0.7555224388958419,0.4884650873994115
0,20,2.081126167973928,2.094754810115193,0.36526593352171266,0.012182862086788218,0.015,3.5,0.25,3.5,3.75,two_core_entries,escaped,True,False,2,0,-0.015337546876290737,0.00379923670758899,-0.011124189178676995,0.43656351510033914,-0.7555224388958419,0.4884650873994115
0,21,2.081126167973928,2.094754810115193,3.361708095752543,0.014186974545210878,0.015,2.12890625,0.146484375,2.12890625,2.275390625,bounded_core_residence,escaped,True,False,1,0,0.004681886508192578,0.019569577658297588,-0.004624047550223244,0.43656351510033914,-0.7555224388958419,0.4884650873994115
0,22,2.081126167973928,2.094754810115193,6.229722134068829,0.006359396274718732,0.015,3.5,0.25,3.5,3.75,two_core_entries,escaped,True,False,2,0,-0.01212988954652999,0.008299430389517217,-0.007030444920305334,0.43656351510033914,-0.7555224388958419,0.4884650873994115
0,23,2.081126167973928,2.094754810115193,0.1054573830661118,0.011795290773817824,0.015,2.91015625,0.13671875,2.91015625,3.046875,two_core_entries,escaped,True,False,2,0,-0.016401187456596,0.004939186971804735,-0.008410372554772122,0.43656351510033914,-0.7555224388958419,0.4884650873994115
0,24,2.081126167973928,2.094754810115193,0.7484936206783395,0.013186638496405969,0.015,3.5,0.25,3.5,3.75,bounded_core_residence,escaped,True,False,1,0,-0.012721188331185348,0.00270339150256777,-0.015157522114819888,0.43656351510033914,-0.7555224388958419,0.4884650873994115
1,0,2.7066831909290867,3.538831114512239,4.470603365449632,0.009711671778596895,0.015000000000000001,5.46875,0.234375,5.46875,5.703125,bounded_core_residence,escaped,True,False,1,0,-0.014612944708391896,-0.0036090545956034593,-0.009630843193128536,0.3885206709144237,0.16300067371004864,0.9069081919589634
1,1,2.7066831909290867,3.538831114512239,2.466562205765674,0.013743147019768216,0.015000000000000001,2.7734375,0.13671875,2.7734375,2.91015625,bounded_core_residence,escaped,True,False,1,0,-0.0027962389148841332,0.010461961572512625,-0.0172221513752818,0.3885206709144237,0.16300067371004864,0.9069081919589634
1,2,2.7066831909290867,3.538831114512239,5.303477776645055,0.013039161411331594,0.015000000000000001,0.0,6.0,0.0,6.0,escaped,escaped,False,False,0,0,-0.012071079688120406,-0.01294417830213601,-0.009041958502244816,0.3885206709144237,0.16300067371004864,0.9069081919589634
1,3,2.7066831909290867,3.538831114512239,4.118949416200623,0.010059056280998195,0.015000000000000001,4.4140625,0.13671875,4.4140625,4.55078125,two_core_entries,escaped,True,False,2,0,-0.014978015199946706,-0.00018371667203728,-0.010090090292899777,0.3885206709144237,0.16300067371004864,0.9069081919589634
1,4,2.7066831909290867,3.538831114512239,5.593789362605319,0.010913315060797535,0.015000000000000001,0.0,3.75,0.0,3.75,escaped,escaped,False,False,0,0,-0.008375159873666587,-0.012645868734569876,-0.010678911304753097,0.3885206709144237,0.16300067371004864,0.9069081919589634
1,5,2.7066831909290867,3.538831114512239,5.186694965688769,0.006597131526923978,0.015000000000000001,6.0,0.25,6.0,6.25,two_core_entries,escaped,True,False,2,0,-0.009570221044453419,-0.007282586765307748,-0.011130900392582788,0.3885206709144237,0.16300067371004864,0.9069081919589634
1,6,2.7066831909290867,3.538831114512239,3.251914395166359,0.011689425259276813,0.015000000000000001,5.5,0.25,5.5,5.75,two_core_entries,escaped,True,False,2,0,-0.011398935480386858,0.007817114310091756,-0.0130613803508341,0.3885206709144237,0.16300067371004864,0.9069081919589634
1,7,2.7066831909290867,3.538831114512239,2.0132878083241184,0.010264150021080718,0.015000000000000001,3.3203125,0.13671875,3.3203125,3.45703125,two_core_entries,escaped,True,False,2,0,0.000228948112236514,0.004862210398423092,-0.0175116894804191,0.3885206709144237,0.16300067371004864,0.9069081919589634
1,8,2.7066831909290867,3.538831114512239,3.79223469876973,0.013888719467035498,0.015000000000000001,2.75,0.25,2.75,3.0,two_core_entries,escaped,True,False,2,0,-0.017138391356296034,0.004794102413009099,-0.010059257040459233,0.3885206709144237,0.16300067371004864,0.9069081919589634
1,9,2.7066831909290867,3.538831114512239,3.818197284680814,0.011685138605811827,0.015000000000000001,3.75,0.25,3.75,4.0,two_core_entries,escaped,True,False,2,0,-0.01547142223930558,0.0033893811189734863,-0.01052091506288786,0.3885206709144237,0.16300067371004864,0.9069081919589634
1,10,2.7066831909290867,3.538831114512239,2.2232267718416456,0.008618145595315093,0.015000000000000001,4.00390625,0.13671875,4.00390625,4.140625,two_core_entries,escaped,True,False,2,0,-0.0021250543996180456,0.004782517935502025,-0.016488908377976827,0.3885206709144237,0.16300067371004864,0.9069081919589634
1,11,2.7066831909290867,3.538831114512239,0.2697708861239585,0.009271175658990164,0.015000000000000001,3.45703125,0.13671875,3.45703125,3.59375,two_core_entries,escaped,True,False,2,0,-0.0003044051852037792,-0.009818131543123023,-0.014644668947607027,0.3885206709144237,0.16300067371004864,0.9069081919589634
1,12,2.7066831909290867,3.538831114512239,6.033834493213259,0.008822012057002027,0.015000000000000001,3.75,0.25,3.75,4.0,two_core_entries,escaped,True,False,2,0,-0.004341009296182857,-0.01109231989996292,-0.01268636962496481,0.3885206709144237,0.16300067371004864,0.9069081919589634
1,13,2.7066831909290867,3.538831114512239,5.4583764775691135,0.01371319554781846,0.015000000000000001,0.0,3.0,0.0,3.0,escaped,escaped,False,False,0,0,-0.010649595362506205,-0.014560975405779508,-0.009360333646824703,0.3885206709144237,0.16300067371004864,0.9069081919589634
1,14,2.7066831909290867,3.538831114512239,2.8372056313000558,0.004937592089071539,0.015000000000000001,6.40625,0.234375,6.40625,6.640625,two_core_entries,escaped,True,False,2,0,-0.00641264786887678,0.0024180168433610995,-0.01422712049197145,0.3885206709144237,0.16300067371004864,0.9069081919589634
1,15,2.7066831909290867,3.538831114512239,0.7722820642582442,0.00885189884533897,0.015000000000000001,5.234375,0.234375,5.234375,5.46875,two_core_entries,escaped,True,False,2,0,0.00179070585091566,-0.006124949656147077,-0.016206001278331234,0.3885206709144237,0.16300067371004864,0.9069081919589634
1,16,2.7066831909290867,3.538831114512239,5.456176934121424,0.005458548764731524,0.015000000000000001,5.703125,0.234375,5.703125,5.9375,two_core_entries,escaped,True,False,2,0,-0.007757346968448668,-0.007262496371044308,-0.011911148940745414,0.3885206709144237,0.16300067371004864,0.9069081919589634
1,17,2.7066831909290867,3.538831114512239,3.8113137265764783,0.0074281104811423325,0.015000000000000001,5.234375,0.234375,5.234375,5.46875,two_core_entries,escaped,True,False,2,0,-0.011937045489558679,0.00130726926989016,-0.01166082404276234,0.3885206709144237,0.16300067371004864,0.9069081919589634
1,18,2.7066831909290867,3.538831114512239,2.703191832562843,0.006302935398952491,0.015000000000000001,5.703125,0.234375,5.703125,5.9375,two_core_entries,escaped,True,False,2,0,-0.005798116568112365,0.0037562273045608024,-0.01473090612767664,0.3885206709144237,0.16300067371004864,0.9069081919589634
1,19,2.7066831909290867,3.538831114512239,1.164869945190863,0.0027665340124751513,0.015000000000000001,5.703125,0.234375,5.703125,5.9375,two_core_entries,escaped,True,True,2,1,-0.003279569125557497,-0.002560584503827841,-0.014674520223558541,0.3885206709144237,0.16300067371004864,0.9069081919589634
1,20,2.7066831909290867,3.538831114512239,1.999112442877499,0.01419358827831639,0.015000000000000001,1.54296875,0.146484375,1.54296875,1.689453125,two_core_entries,escaped,True,False,2,0,0.002689208544840292,0.007521196529955849,-0.019043573939113913,0.3885206709144237,0.16300067371004864,0.9069081919589634
1,21,2.7066831909290867,3.538831114512239,3.4949705943529,0.01354503284596411,0.015000000000000001,0.0,3.0,0.0,3.0,escaped,escaped,False,False,0,0,-0.014664346205694168,0.007628866295632241,-0.011628639825927886,0.3885206709144237,0.16300067371004864,0.9069081919589634
1,22,2.7066831909290867,3.538831114512239,5.629835751949129,0.004985537356973996,0.015000000000000001,5.703125,0.234375,5.703125,5.9375,two_core_entries,escaped,True,False,2,0,-0.006830604938503529,-0.007158790255185716,-0.012326805790395681,0.3885206709144237,0.16300067371004864,0.9069081919589634
1,23,2.7066831909290867,3.538831114512239,0.74442919439283,0.014198968120492862,0.015000000000000001,5.234375,0.234375,5.234375,5.46875,two_core_entries,escaped,True,False,2,0,0.006257862008717225,-0.008699378640618016,-0.017657028912979253,0.3885206709144237,0.16300067371004864,0.9069081919589634
1,24,2.7066831909290867,3.538831114512239,5.196076043097694,0.008476674082303104,0.015000000000000001,6.0,0.25,6.0,6.25,two_core_entries,escaped,True,False,2,0,-0.01057849329736567,-0.008713043481258393,-0.010441855982002406,0.3885206709144237,0.16300067371004864,0.9069081919589634
2,0,1.2183253195825048,3.63501019012845,5.303171326001563,0.014370008682267552,0.015,2.75,0.25,2.75,3.0,two_core_entries,escaped,True,False,2,0,-0.004978975702520733,-0.011765935440306947,0.01637894116530986,0.8265749432557417,0.44452044579498656,-0.345217954996541
2,1,1.2183253195825048,3.63501019012845,2.12863824626946,0.010140113158758858,0.015,2.63671875,0.13671875,2.63671875,2.7734375,two_core_entries,escaped,True,False,2,0,-0.017556606984140678,-0.003346980806994264,-0.0028957150333672847,0.8265749432557417,0.44452044579498656,-0.345217954996541
2,2,1.2183253195825048,3.63501019012845,1.2028046291104162,0.014981490030239917,0.015,0.0,3.5,0.0,3.5,escaped,escaped,False,False,0,0,-0.01409598702475286,-0.013700026928480958,-0.007940872463594515,0.8265749432557417,0.44452044579498656,-0.345217954996541
2,3,1.2183253195825048,3.63501019012845,3.1566050085929476,0.004200982757235412,0.015,3.8671875,0.13671875,3.8671875,4.00390625,two_core_entries,escaped,True,False,2,0,-0.014368973201696084,-0.0029580253447713165,0.005237456569291966,0.8265749432557417,0.44452044579498656,-0.345217954996541
2,4,1.2183253195825048,3.63501019012845,0.7900863123686459,0.014753919814815152,0.015,2.25,0.25,2.25,2.5,two_core_entries,escaped,True,False,2,0,-0.010667327524181675,-0.017526616760921536,-0.004658752870631309,0.8265749432557417,0.44452044579498656,-0.345217954996541
2,5,1.2183253195825048,3.63501019012845,6.148245754038585,0.0018355881607219596,0.015,4.27734375,0.13671875,4.27734375,4.4140625,two_core_entries,escaped,True,True,2,1,-0.011462041805081695,-0.008229371360110907,0.0054100303669876474,0.8265749432557417,0.44452044579498656,-0.345217954996541
2,6,1.2183253195825048,3.63501019012845,2.0319031776022425,0.01473112029155413,0.015,1.689453125,0.146484375,1.689453125,1.8359375,two_core_entries,escaped,True,False,2,0,-0.019514151561121226,-0.003052272062604347,-0.007203292937932811,0.8265749432557417,0.44452044579498656,-0.345217954996541
2,7,1.2183253195825048,3.63501019012845,0.0574381083335145,0.014614195660493698,0.015,2.63671875,0.13671875,2.63671875,2.7734375,two_core_entries,escaped,True,False,2,0,-0.00574326733616751,-0.019654761029094595,0.004390895580367231,0.8265749432557417,0.44452044579498656,-0.345217954996541
2,8,1.2183253195825048,3.63501019012845,6.2665014556229215,0.003967288635463897,0.015,4.140625,0.13671875,4.140625,4.27734375,two_core_entries,escaped,True,False,2,0,-0.01049970149254278,-0.010150566119633372,0.005240386926127401,0.8265749432557417,0.44452044579498656,-0.345217954996541
2,9,1.2183253195825048,3.63501019012845,0.3492653947769069,0.010783949469376372,0.015,3.046875,0.13671875,3.046875,3.18359375,two_core_entries,escaped,True,False,2,0,-0.008721324877917812,-0.016195417394430027,0.0017147926848654522,0.8265749432557417,0.44452044579498656,-0.345217954996541
2,10,1.2183253195825048,3.63501019012845,0.5137177692934835,0.013437036847393193,0.015,2.12890625,0.146484375,2.12890625,2.275390625,bounded_core_residence,escaped,True,False,1,0,-0.008863447161688895,-0.018054221691144255,-0.0010189910584336445,0.8265749432557417,0.44452044579498656,-0.345217954996541
2,11,1.2183253195825048,3.63501019012845,4.345945742952969,0.0077431687614359325,0.015,2.7734375,0.13671875,2.7734375,2.91015625,two_core_entries,escaped,True,False,2,0,-0.011514734682840758,-0.0030423623406753307,0.01196292518742393,0.8265749432557417,0.44452044579498656,-0.345217954996541
2,12,1.2183253195825048,3.63501019012845,3.814451645418225,0.007850026633898853,0.015,3.3203125,0.13671875,3.3203125,3.45703125,bounded_core_residence,escaped,True,False,1,0,-0.013818855026114265,-0.00046108147317470635,0.009769829466027176,0.8265749432557417,0.44452044579498656,-0.345217954996541
2,13,1.2183253195825048,3.63501019012845,4.681491250804888,0.010108233706723363,0.015,2.63671875,0.13671875,2.63671875,2.7734375,two_core_entries,escaped,True,True,2,1,-0.009474686336046964,-0.004740789351042041,0.014660546505240166,0.8265749432557417,0.44452044579498656,-0.345217954996541
2,14,1.2183253195825048,3.63501019012845,6.065639238706673,0.0053682317869873635,0.015,3.8671875,0.13671875,3.8671875,4.00390625,two_core_entries,escaped,True,False,2,0,-0.00956367626793489,-0.01109482677708458,0.006265686518446922,0.8265749432557417,0.44452044579498656,-0.345217954996541
2,15,1.2183253195825048,3.63501019012845,4.407446566736348,0.013060033992681852,0.015,2.63671875,0.13671875,2.63671875,2.7734375,two_core_entries,escaped,True,False,2,0,-0.010468238807919177,-0.0011774916237907137,0.016869913385263217,0.8265749432557417,0.44452044579498656,-0.345217954996541
2,16,1.2183253195825048,3.63501019012845,4.003842844183395,0.010159458426262901,0.015,2.63671875,0.13671875,2.63671875,2.7734375,bounded_core_residence,escaped,True,False,1,0,-0.013184465656202309,0.00041602208916279634,0.012418187729967473,0.8265749432557417,0.44452044579498656,-0.345217954996541
2,17,1.2183253195825048,3.63501019012845,3.449563597572805,0.010681154544576792,0.015,3.45703125,0.13671875,3.45703125,3.59375,two_core_entries,escaped,True,False,2,0,-0.016235206825006746,0.0028260909130301045,0.00821695393109128,0.8265749432557417,0.44452044579498656,-0.345217954996541
2,18,1.2183253195825048,3.63501019012845,2.0399413748410375,0.013067826065455682,0.015,1.982421875,0.146484375,1.982421875,2.12890625,two_core_entries,escaped,True,False,2,0,-0.01874087723278661,-0.003370115194363376,-0.005761069536062247,0.8265749432557417,0.44452044579498656,-0.345217954996541
2,19,1.2183253195825048,3.63501019012845,3.5484449568095053,0.013270270330800648,0.015,3.046875,0.13671875,3.046875,3.18359375,bounded_core_residence,escaped,True,False,1,0,-0.01657426022795793,0.0049241825605189065,0.010106750153196689,0.8265749432557417,0.44452044579498656,-0.345217954996541
2,20,1.2183253195825048,3.63501019012845,1.600831869496806,0.009192861630999277,0.015,3.3203125,0.13671875,3.3203125,3.45703125,bounded_core_residence,escaped,True,False,1,0,-0.015323120214958534,-0.007927098873714638,-0.003445547168590189,0.8265749432557417,0.44452044579498656,-0.345217954996541
2,21,1.2183253195825048,3.63501019012845,5.506835525032381,0.013072472255293153,0.015,3.75,0.25,3.75,4.0,bounded_core_residence,escaped,True,False,1,0,-0.005196156650159276,-0.013384507218387205,0.01377477598559612,0.8265749432557417,0.44452044579498656,-0.345217954996541
2,22,1.2183253195825048,3.63501019012845,5.893445052573484,0.013733813636443921,0.015,3.59375,0.13671875,3.59375,3.73046875,two_core_entries,escaped,True,False,2,0,-0.004795051769525435,-0.017003153345736936,0.010075608757266173,0.8265749432557417,0.44452044579498656,-0.345217954996541
2,23,1.2183253195825048,3.63501019012845,4.154312538273883,0.011652170054815371,0.015,2.421875,0.146484375,2.421875,2.568359375,bounded_core_residence,escaped,True,False,1,0,-0.012315988686348624,0.0003828047341773262,0.014454859051528664,0.8265749432557417,0.44452044579498656,-0.345217954996541
2,24,1.2183253195825048,3.63501019012845,3.578195992659617,0.008384697268834408,0.015,4.140625,0.13671875,4.140625,4.27734375,two_core_entries,escaped,True,False,2,0,-0.01491940324566393,0.0006037694310162345,0.008505881351008963,0.8265749432557417,0.44452044579498656,-0.345217954996541
3,0,1.8048946915256079,2.107320252720575,5.883530839342027,0.005087526993878413,0.015000000000000001,5.234375,0.234375,5.234375,5.46875,two_core_entries,escaped,True,False,2,0,-0.011720948696026023,0.010539810244051328,-0.00155392811865866,0.4972092075472236,-0.836047104688293,0.23196603775678892
3,1,1.8048946915256079,2.107320252720575,3.049974113210814,0.0065189928437035605,0.015000000000000001,4.82421875,0.13671875,4.82421875,4.9609375,two_core_entries,escaped,True,False,2,0,-0.0018079058408755266,0.015740012831787196,-0.004059647795309443,0.4972092075472236,-0.836047104688293,0.23196603775678892
3,2,1.8048946915256079,2.107320252720575,1.377415612990808,0.00821757158951989,0.015000000000000001,2.75,0.25,2.75,3.0,two_core_entries,escaped,True,False,2,0,-0.00785928115274496,0.010125658694214857,-0.011323922403445874,0.4972092075472236,-0.836047104688293,0.23196603775678892
3,3,1.8048946915256079,2.107320252720575,1.0694272964238172,0.014064808630198582,0.015000000000000001,2.75,0.25,2.75,3.0,two_core_entries,escaped,True,False,2,0,-0.011805811969067506,0.00662634381655007,-0.01547686057248044,0.4972092075472236,-0.836047104688293,0.23196603775678892
3,4,1.8048946915256079,2.107320252720575,1.5058256264068568,0.014958120264798418,0.015000000000000001,2.275390625,0.146484375,2.275390625,2.421875,two_core_entries,escaped,True,True,2,1,-0.0065229986919641235,0.00906835088586751,-0.01799891280415552,0.4972092075472236,-0.836047104688293,0.23196603775678892
3,5,1.8048946915256079,2.107320252720575,4.803731415397413,0.014213530622306264,0.015000000000000001,2.5,0.25,2.5,2.75,two_core_entries,escaped,True,False,2,0,-0.010250731899478671,0.01469997751262905,0.010288712718530373,0.4972092075472236,-0.836047104688293,0.23196603775678892
3,6,1.8048946915256079,2.107320252720575,3.5572489057664662,0.005176897509534054,0.015000000000000001,4.27734375,0.13671875,4.27734375,4.4140625,two_core_entries,escaped,True,False,2,0,-0.0036353667604835872,0.015378331972168995,-0.0014461265832408348,0.4972092075472236,-0.836047104688293,0.23196603775678892
3,7,1.8048946915256079,2.107320252720575,2.53691581607309,0.008853709386488254,0.015000000000000001,4.82421875,0.13671875,4.82421875,4.9609375,two_core_entries,escaped,True,False,2,0,-0.0006009641903797639,0.015260339919599825,-0.008375502222585783,0.4972092075472236,-0.836047104688293,0.23196603775678892
3,8,1.8048946915256079,2.107320252720575,3.3288373373197744,0.0085001139043872,0.015000000000000001,4.6875,0.13671875,4.6875,4.82421875,two_core_entries,escaped,True,False,2,0,-0.0004676829402140547,0.01712507859506705,-0.0019403330043489112,0.4972092075472236,-0.836047104688293,0.23196603775678892
3,9,1.8048946915256079,2.107320252720575,0.3781765768718108,0.013877917530841454,0.015000000000000001,3.8671875,0.13671875,3.8671875,4.00390625,two_core_entries,escaped,True,False,2,0,-0.017935680972651417,0.004926630842296456,-0.008463820153089257,0.4972092075472236,-0.836047104688293,0.23196603775678892
3,10,1.8048946915256079,2.107320252720575,3.3383296430032785,0.003346354055528413,0.015000000000000001,4.140625,0.13671875,4.140625,4.27734375,two_core_entries,escaped,True,False,2,0,-0.004715018258787244,0.014348616378673143,-0.0028432193552251944,0.4972092075472236,-0.836047104688293,0.23196603775678892
3,11,1.8048946915256079,2.107320252720575,5.535678908835593,0.008744020176667647,0.015000000000000001,4.55078125,0.13671875,4.55078125,4.6875,bounded_core_residence,escaped,True,False,1,0,-0.013674645683664942,0.010447951823778782,0.0023026630157694204,0.4972092075472236,-0.836047104688293,0.23196603775678892
3,12,1.8048946915256079,2.107320252720575,4.706917928881977,0.012648274701023553,0.015000000000000001,2.5,0.25,2.5,2.75,two_core_entries,escaped,True,False,2,0,-0.008898342812711044,0.015097759993018923,0.008823604212181292,0.4972092075472236,-0.836047104688293,0.23196603775678892
3,13,1.8048946915256079,2.107320252720575,5.992171865847006,0.013752922522928555,0.015000000000000001,2.5,0.13671875,2.5,2.63671875,two_core_entries,escaped,True,False,2,0,-0.01924951692137419,0.006593190437073751,0.0003589095650488056,0.4972092075472236,-0.836047104688293,0.23196603775678892
3,14,1.8048946915256079,2.107320252720575,0.35912208034424936,0.010424962169971037,0.015000000000000001,4.55078125,0.13671875,4.55078125,4.6875,bounded_core_residence,escaped,True,False,1,0,-0.015412263885658181,0.006821437773415212,-0.007043432747431318,0.4972092075472236,-0.836047104688293,0.23196603775678892
3,15,1.8048946915256079,2.107320252720575,3.418532484016603,0.007598526784197043,0.015000000000000001,4.55078125,0.13671875,4.55078125,4.6875,two_core_entries,escaped,True,False,2,0,-0.0014224564035125236,0.01669091542696023,-0.0014586189633783706,0.4972092075472236,-0.836047104688293,0.23196603775678892
3,16,1.8048946915256079,2.107320252720575,5.217608253591992,0.01307952175552773,0.015000000000000001,3.0,0.25,3.0,3.25,two_core_entries,escaped,True,False,2,0,-0.014256213880394462,0.011586787539613523,0.007653797074761545,0.4972092075472236,-0.836047104688293,0.23196603775678892
3,17,1.8048946915256079,2.107320252720575,4.456869603726895,0.00619475573005096,0.015000000000000001,3.59375,0.13671875,3.59375,3.73046875,bounded_core_residence,escaped,True,False,1,0,-0.006823086180028447,0.014535987369134903,0.002350651981739232,0.4972092075472236,-0.836047104688293,0.23196603775678892
3,18,1.8048946915256079,2.107320252720575,1.651596268464919,0.008481113866095161,0.015000000000000001,2.75,0.25,2.75,3.0,two_core_entries,escaped,True,False,2,0,-0.005867469678344463,0.011205218617143669,-0.011702357357618029,0.4972092075472236,-0.836047104688293,0.23196603775678892
3,19,1.8048946915256079,2.107320252720575,3.5952006121135454,0.0032026667466914017,0.015000000000000001,4.4140625,0.13671875,4.4140625,4.55078125,two_core_entries,escaped,True,False,2,0,-0.0051502535908973385,0.014292011358891877,-0.00211432579256782,0.4972092075472236,-0.836047104688293,0.23196603775678892
3,20,1.8048946915256079,2.107320252720575,0.4041326139826738,0.01345895423927814,0.015000000000000001,4.00390625,0.13671875,4.00390625,4.140625,two_core_entries,escaped,True,False,2,0,-0.01746660965019591,0.0051601846459683265,-0.00862748462543857,0.4972092075472236,-0.836047104688293,0.23196603775678892
3,21,1.8048946915256079,2.107320252720575,6.202027076086964,0.011587047080661684,0.015000000000000001,4.27734375,0.13671875,4.27734375,4.4140625,two_core_entries,escaped,True,False,2,0,-0.01749569563079633,0.00682474681403513,-0.0025657601930659905,0.4972092075472236,-0.836047104688293,0.23196603775678892
3,22,1.8048946915256079,2.107320252720575,5.529872440225886,0.014609707864083513,0.015000000000000001,2.421875,0.146484375,2.421875,2.568359375,two_core_entries,escaped,True,False,2,0,-0.017802456243633386,0.009086024351174856,0.006241816807407913,0.4972092075472236,-0.836047104688293,0.23196603775678892
3,23,1.8048946915256079,2.107320252720575,0.45782782419577495,0.014249710674402307,0.015000000000000001,4.5,0.25,4.5,4.75,bounded_core_residence,escaped,True,False,1,0,-0.017697522221098445,0.004751341603213794,-0.009606076957190774,0.4972092075472236,-0.836047104688293,0.23196603775678892
3,24,1.8048946915256079,2.107320252720575,5.689200539998472,0.008564832338838712,0.015000000000000001,4.140625,0.13671875,4.140625,4.27734375,two_core_entries,escaped,True,False,2,0,-0.014127010383723583,0.009868328891807814,0.001183222503882789,0.4972092075472236,-0.836047104688293,0.23196603775678892
4,0,1.6429808315636527,3.06523377284647,3.272895200629591,0.01331191762316232,0.015,0.0,5.75,0.0,5.75,escaped,escaped,False,False,0,0,-0.01403592073897123,0.014309754776910755,0.0006565044096247289,0.9944894949813947,-0.0760860400117058,0.07212183363578355
4,1,1.6429808315636527,3.06523377284647,0.3635750331853433,0.005861315828007579,0.015,13.59375,0.15625,13.59375,13.75,bounded_core_residence,escaped,True,False,1,0,-0.01518535111301034,-0.004332384437685143,-0.003160787859751328,0.9944894949813947,-0.0760860400117058,0.07212183363578355
4,2,1.6429808315636527,3.06523377284647,0.18364709333953116,0.003538389435897347,0.015,13.125,0.15625,13.125,13.28125,bounded_core_residence,escaped,True,False,1,0,-0.01513626133834458,-0.002331015905114401,-0.0017263132240438782,0.9944894949813947,-0.0760860400117058,0.07212183363578355
4,3,1.6429808315636527,3.06523377284647,6.156364410664522,0.010083010589798784,0.015,6.875,0.234375,6.875,7.109375,two_core_entries,escaped,True,False,2,0,-0.015772054350772308,-0.008824581702313466,0.0001901627972900866,0.9944894949813947,-0.0760860400117058,0.07212183363578355
4,4,1.6429808315636527,3.06523377284647,2.7868864684492634,0.01410109667434928,0.015,0.0,7.5,0.0,7.5,escaped,escaped,False,False,0,0,-0.013556419347404343,0.014299097150069825,-0.0059665938850847425,0.9944894949813947,-0.0760860400117058,0.07212183363578355
4,5,1.6429808315636527,3.06523377284647,1.079181921638065,0.011019364695656798,0.015,3.5,0.25,3.5,3.75,bounded_core_residence,escaped,True,False,1,0,-0.014615575527490262,-0.00409868647246219,-0.010770892233077568,0.9944894949813947,-0.0760860400117058,0.07212183363578355
4,6,1.6429808315636527,3.06523377284647,2.590729479195826,0.014341994219689425,0.015,0.0,5.75,0.0,5.75,escaped,escaped,False,False,0,0,-0.013445275070947421,0.013284806188939444,-0.008569206555246584,0.9944894949813947,-0.0760860400117058,0.07212183363578355
4,7,1.6429808315636527,3.06523377284647,1.4554851172437153,0.012330295081309374,0.015,2.75,0.25,2.75,3.0,two_core_entries,escaped,True,False,2,0,-0.014144761735175896,-0.0003406361234460117,-0.01329834047085085,0.9944894949813947,-0.0760860400117058,0.07212183363578355
4,8,1.6429808315636527,3.06523377284647,5.603575144428691,0.007022532870986786,0.015,11.71875,0.15625,11.71875,11.875,two_core_entries,escaped,True,False,2,0,-0.01565141729248343,-0.0042807611356891736,0.0033202693806096105,0.9944894949813947,-0.0760860400117058,0.07212183363578355
4,9,1.6429808315636527,3.06523377284647,0.8393747130720963,0.014195570891708942,0.015,0.0,2.75,0.0,2.75,escaped,escaped,False,False,0,0,-0.014880919401181775,-0.008370829193026747,-0.011619022735937703,0.9944894949813947,-0.0760860400117058,0.07212183363578355
4,10,1.6429808315636527,3.06523377284647,5.776529133138348,0.01188030961639947,0.015,4.82421875,0.13671875,4.82421875,4.9609375,two_core_entries,escaped,True,False,2,0,-0.016124343777182117,-0.009184532461584557,0.004668153574901072,0.9944894949813947,-0.0760860400117058,0.07212183363578355
4,11,1.6429808315636527,3.06523377284647,6.055659832227711,0.005081942809481448,0.015,12.96875,0.15625,12.96875,13.125,two_core_entries,escaped,True,False,2,0,-0.015377459439649637,-0.0037889445280728743,6.150824300120081e-05,0.9944894949813947,-0.0760860400117058,0.07212183363578355
4,12,1.6429808315636527,3.06523377284647,1.573693981404095,0.010653706057292697,0.015,7.5,0.25,7.5,7.75,bounded_core_residence,escaped,True,False,1,0,-0.014148864817813562,0.0011134571304100538,-0.01170774488708956,0.9944894949813947,-0.0760860400117058,0.07212183363578355
4,13,1.6429808315636527,3.06523377284647,3.336934924901472,0.007858576483851843,0.015,8.984375,0.234375,8.984375,9.21875,two_core_entries,escaped,True,False,2,0,-0.014438946555040145,0.008836335592112263,0.0004395680115904157,0.9944894949813947,-0.0760860400117058,0.07212183363578355
4,14,1.6429808315636527,3.06523377284647,0.8302217093371975,0.008941899041428288,0.015,7.34375,0.234375,7.34375,7.578125,bounded_core_residence,escaped,True,False,1,0,-0.014902977903314036,-0.004910647889186993,-0.00766448598334246,0.9944894949813947,-0.0760860400117058,0.07212183363578355
4,15,1.6429808315636527,3.06523377284647,2.5526047261637475,0.00659853056448045,0.015,15.46875,0.15625,15.46875,15.625,bounded_core_residence,escaped,True,False,1,0,-0.014235190701186952,0.006591835475417947,-0.004737895775156378,0.9944894949813947,-0.0760860400117058,0.07212183363578355
4,16,1.6429808315636527,3.06523377284647,2.9098035317718356,0.014684921976841441,0.015,0.0,9.25,0.0,9.25,escaped,escaped,False,False,0,0,-0.01358447864428042,0.015373286913009387,-0.00444645059787066,0.9944894949813947,-0.0760860400117058,0.07212183363578355
4,17,1.6429808315636527,3.06523377284647,3.1076730091855254,0.007542450385356153,0.015,10.625,0.15625,10.625,10.78125,two_core_entries,escaped,True,False,2,0,-0.014323905679553708,0.00865602967601067,-0.0013369495677963534,0.9944894949813947,-0.0760860400117058,0.07212183363578355
4,18,1.6429808315636527,3.06523377284647,6.140695063226795,0.009038918930350482,0.015,12.96875,0.15625,12.96875,13.125,two_core_entries,escaped,True,False,2,0,-0.01569219163086262,-0.007772888867531395,0.000198433623007616,0.9944894949813947,-0.0760860400117058,0.07212183363578355
4,19,1.6429808315636527,3.06523377284647,4.673593106409253,0.010023009344654603,0.015,6.40625,0.234375,6.40625,6.640625,two_core_entries,escaped,True,False,2,0,-0.015607915499517122,0.0015840146928990796,0.00890755788842523,0.9944894949813947,-0.0760860400117058,0.07212183363578355
4,20,1.6429808315636527,3.06523377284647,2.6413578067589945,0.009579429904570256,0.015,15.25,0.25,15.25,15.5,bounded_core_residence,escaped,True,False,1,0,-0.01394571383827635,0.009497180469095916,-0.00566445990142975,0.9944894949813947,-0.0760860400117058,0.07212183363578355
4,21,1.6429808315636527,3.06523377284647,4.3299622323710505,0.013285811791639538,0.015,6.75,0.25,6.75,7.0,two_core_entries,escaped,True,False,2,0,-0.015425518262927033,0.0061525654876986415,0.011212141597507247,0.9944894949813947,-0.0760860400117058,0.07212183363578355
4,22,1.6429808315636527,3.06523377284647,4.120544640979577,0.004983250811779895,0.015,15.625,0.15625,15.625,15.78125,bounded_core_residence,escaped,True,False,1,0,-0.015002664528254167,0.003936061933546612,0.0030430678863696877,0.9944894949813947,-0.0760860400117058,0.07212183363578355
4,23,1.6429808315636527,3.06523377284647,1.9033312103828512,0.012344477284217078,0.015,0.0,3.0,0.0,3.0,escaped,escaped,False,False,0,0,-0.013770854195082241,0.005095084442208012,-0.012719662286598144,0.9944894949813947,-0.0760860400117058,0.07212183363578355
4,24,1.6429808315636527,3.06523377284647,0.7616925279739437,0.0063896440500851226,0.015,10.9375,0.15625,10.9375,11.09375,bounded_core_residence,escaped,True,False,1,0,-0.014952966105021028,-0.0034934842634842516,-0.005480138999119306,0.9944894949813947,-0.0760860400117058,0.07212183363578355
5,0,1.2361359998171428,2.612272749907699,3.979893386494899,0.004986156169223505,0.015,3.73046875,0.13671875,3.73046875,3.8671875,two_core_entries,escaped,True,False,2,0,-0.009494282897918926,0.009417223138012585,0.008428300775782162,0.8152647476208822,-0.47693297848048044,-0.32844836020963303
5,1,1.2361359998171428,2.612272749907699,3.275895516783602,0.004300172243269799,0.015,4.00390625,0.13671875,4.00390625,4.140625,two_core_entries,escaped,True,False,2,0,-0.009913930874689596,0.010736772914777232,0.005470572484682972,0.8152647476208822,-0.47693297848048044,-0.32844836020963303
5,2,1.2361359998171428,2.612272749907699,0.26973759879144976,0.00736360916033807,0.015,3.73046875,0.13671875,3.73046875,3.8671875,two_core_entries,escaped,True,False,2,0,-0.016369048377443,0.001353350305935492,0.0030733431361580324,0.8152647476208822,-0.47693297848048044,-0.32844836020963303
5,3,1.2361359998171428,2.612272749907699,2.675560338608139,0.014699339133648848,0.015,1.982421875,0.146484375,1.982421875,2.12890625,two_core_entries,escaped,True,False,2,0,-0.007470670944225381,0.019584139573920835,-0.0013119160637460733,0.8152647476208822,-0.47693297848048044,-0.32844836020963303
5,4,1.2361359998171428,2.612272749907699,3.1525515183684503,0.013061144432062423,0.015,3.18359375,0.13671875,3.18359375,3.3203125,two_core_entries,escaped,True,False,2,0,-0.005593610844834332,0.018403315093845653,0.005061917141595628,0.8152647476208822,-0.47693297848048044,-0.32844836020963303
5,5,1.2361359998171428,2.612272749907699,5.673554863561765,0.003196591981598152,0.015,3.73046875,0.13671875,3.73046875,3.8671875,bounded_core_residence,escaped,True,False,1,0,-0.013033434920988667,0.004588340951082013,0.006655441516067473,0.8152647476208822,-0.47693297848048044,-0.32844836020963303
5,6,1.2361359998171428,2.612272749907699,4.445170262033351,0.011338315512599433,0.015,2.5,0.13671875,2.5,2.63671875,two_core_entries,escaped,True,False,2,0,-0.0076168872306920715,0.007924457617243454,0.015255929963482568,0.8152647476208822,-0.47693297848048044,-0.32844836020963303
5,7,1.2361359998171428,2.612272749907699,6.113368616190187,0.01275471294354277,0.015,2.91015625,0.13671875,2.91015625,3.046875,bounded_core_residence,escaped,True,False,1,0,-0.01796567267713286,-0.004054383408299426,0.006962706564893104,0.8152647476208822,-0.47693297848048044,-0.32844836020963303
5,8,1.2361359998171428,2.612272749907699,1.7651074447440154,0.01205171804547728,0.015,0.0,3.25,0.0,3.25,escaped,escaped,False,False,0,0,-0.014406292051502312,0.011123758805046326,-0.006242166869097487,0.8152647476208822,-0.47693297848048044,-0.32844836020963303
5,9,1.2361359998171428,2.612272749907699,4.017538585936361,0.007794354875891512,0.015,3.59375,0.13671875,3.59375,3.73046875,two_core_entries,escaped,True,False,2,0,-0.008011656014602068,0.010468569409296299,0.010581795233218701,0.8152647476208822,-0.47693297848048044,-0.32844836020963303
5,10,1.2361359998171428,2.612272749907699,0.5038136290455645,0.010563971785066689,0.015,3.3203125,0.13671875,3.3203125,3.45703125,two_core_entries,escaped,True,False,2,0,-0.018346259969553864,1.4485438510232311e-05,0.00010970495568403751,0.8152647476208822,-0.47693297848048044,-0.32844836020963303
5,11,1.2361359998171428,2.612272749907699,4.142062727235161,0.014363854218347388,0.015,2.75,0.25,2.75,3.0,bounded_core_residence,escaped,True,False,1,0,-0.004885403073638666,0.011842669061274399,0.016346385971191063,0.8152647476208822,-0.47693297848048044,-0.32844836020963303
5,12,1.2361359998171428,2.612272749907699,4.503088102050965,0.012167273387208896,0.015,2.5,0.13671875,2.5,2.63671875,two_core_entries,escaped,True,False,2,0,-0.007578283749503641,0.00736220907823534,0.016168179692823803,0.8152647476208822,-0.47693297848048044,-0.32844836020963303
5,13,1.2361359998171428,2.612272749907699,1.2689457418708467,0.01161537268921589,0.015,2.275390625,0.146484375,2.275390625,2.421875,bounded_core_residence,escaped,True,False,1,0,-0.01711668664329128,0.006012743003857705,-0.005548228783523306,0.8152647476208822,-0.47693297848048044,-0.32844836020963303
5,14,1.2361359998171428,2.612272749907699,6.18636335928058,0.01401150865781195,0.015,2.91015625,0.13671875,2.91015625,3.046875,two_core_entries,escaped,True,False,2,0,-0.01888689371510905,-0.005108047836949581,0.006206083141366068,0.8152647476208822,-0.47693297848048044,-0.32844836020963303
5,15,1.2361359998171428,2.612272749907699,2.4129987587936,0.0047137806846590125,0.015,4.6875,0.13671875,4.6875,4.82421875,two_core_entries,escaped,True,False,2,0,-0.011342847958749376,0.010710222548604454,0.0019623102423225996,0.8152647476208822,-0.47693297848048044,-0.32844836020963303
5,16,1.2361359998171428,2.612272749907699,3.7987441297297124,0.009944363974260335,0.015,3.8671875,0.13671875,3.8671875,4.00390625,bounded_core_residence,escaped,True,False,1,0,-0.00653120629336339,0.01294236979736084,0.010664369800155053,0.8152647476208822,-0.47693297848048044,-0.32844836020963303
5,17,1.2361359998171428,2.612272749907699,3.403344080198734,0.009589594058617555,0.015,3.45703125,0.13671875,3.45703125,3.59375,two_core_entries,escaped,True,False,2,0,-0.0068481613489766,0.014737763052145154,0.007270580483447059,0.8152647476208822,-0.47693297848048044,-0.32844836020963303
5,18,1.2361359998171428,2.612272749907699,4.541613396382474,0.014466135993971568,0.015,2.421875,0.146484375,2.421875,2.568359375,bounded_core_residence,escaped,True,False,1,0,-0.006946077242501671,0.006911735281424997,0.01839154743181729,0.8152647476208822,-0.47693297848048044,-0.32844836020963303
5,19,1.2361359998171428,2.612272749907699,3.821552052422246,0.008916966805848,0.015,3.59375,0.13671875,3.59375,3.73046875,bounded_core_residence,escaped,True,False,1,0,-0.007138278422154627,0.012209068709710306,0.010222324560782122,0.8152647476208822,-0.47693297848048044,-0.32844836020963303
5,20,1.2361359998171428,2.612272749907699,0.5802953927019511,0.006360527821879466,0.015,3.59375,0.13671875,3.59375,3.73046875,two_core_entries,escaped,True,False,2,0,-0.015903588909504433,0.0031409885553222456,0.0016329007519518637,0.8152647476208822,-0.47693297848048044,-0.32844836020963303
5,21,1.2361359998171428,2.612272749907699,0.5803143441214751,0.00460898905711398,0.015,3.73046875,0.13671875,3.73046875,3.8671875,two_core_entries,escaped,True,False,2,0,-0.01489168272665869,0.004246128877445108,0.0025398730781789752,0.8152647476208822,-0.47693297848048044,-0.32844836020963303
5,22,1.2361359998171428,2.612272749907699,5.639662816297136,0.011566845087414667,0.015,4.140625,0.13671875,4.140625,4.27734375,two_core_entries,escaped,True,False,2,0,-0.014933826611337051,-0.0019840628514291867,0.01148199558527823,0.8152647476208822,-0.47693297848048044,-0.32844836020963303
5,23,1.2361359998171428,2.612272749907699,1.7415593997416783,0.006754748611616615,0.015,3.8671875,0.13671875,3.8671875,4.00390625,two_core_entries,escaped,True,False,2,0,-0.013536482940892602,0.009248747525749421,-0.0013604880014186351,0.8152647476208822,-0.47693297848048044,-0.32844836020963303
5,24,1.2361359998171428,2.612272749907699,1.708052988692751,0.005936621135417262,0.015,4.27734375,0.13671875,4.27734375,4.4140625,two_core_entries,escaped,True,False,2,0,-0.013486016779394289,0.008830440510663402,-0.000627807549343982,0.8152647476208822,-0.47693297848048044,-0.32844836020963303
6,0,1.2779952415943452,3.097148016826217,4.0581839595819895,0.007872466499008413,0.015,10.0,0.15625,10.0,10.15625,bounded_core_residence,escaped,True,False,1,0,-0.012333218578079837,0.005343863015325378,0.010310702030257381,0.956493669350181,-0.042539026868346465,-0.288635222532041
6,1,1.2779952415943452,3.097148016826217,0.11353022940991848,0.004888459771180838,0.015,6.171875,0.234375,6.171875,6.40625,two_core_entries,escaped,True,False,2,0,-0.014722888451407424,-0.004207006035620066,0.0037993018829942486,0.956493669350181,-0.042539026868346465,-0.288635222532041
6,2,1.2779952415943452,3.097148016826217,0.2850003971802464,0.01233084629145722,0.015,3.18359375,0.13671875,3.18359375,3.3203125,two_core_entries,escaped,True,False,2,0,-0.01587285013820591,-0.011139208096557536,0.0010101691616694422,0.956493669350181,-0.042539026868346465,-0.288635222532041
6,3,1.2779952415943452,3.097148016826217,5.703078860771521,0.008361558834139228,0.015,7.109375,0.234375,7.109375,7.34375,two_core_entries,escaped,True,False,2,0,-0.013336600994113183,-0.006407425918620033,0.008717547427917284,0.956493669350181,-0.042539026868346465,-0.288635222532041
6,4,1.2779952415943452,3.097148016826217,3.037536393724708,0.00995734021676855,0.015,3.59375,0.13671875,3.59375,3.73046875,bounded_core_residence,escaped,True,False,1,0,-0.014205620876575334,0.010545050330786225,0.0033392923239316356,0.956493669350181,-0.042539026868346465,-0.288635222532041
6,5,1.2779952415943452,3.097148016826217,2.8309343152583364,0.010792002013214798,0.015,3.45703125,0.13671875,3.45703125,3.59375,bounded_core_residence,escaped,True,False,1,0,-0.014842123659259198,0.010945660687260174,0.0011709760270209274,0.956493669350181,-0.042539026868346465,-0.288635222532041
6,6,1.2779952415943452,3.097148016826217,0.8599148865107846,0.00995295836132341,0.015,5.46875,0.234375,5.46875,5.703125,two_core_entries,escaped,True,False,2,0,-0.01681074933684906,-0.0057531044191286435,-0.0028916909272031404,0.956493669350181,-0.042539026868346465,-0.288635222532041
6,7,1.2779952415943452,3.097148016826217,5.624603445610809,0.009212255609484948,0.015,6.640625,0.234375,6.640625,6.875,bounded_core_residence,escaped,True,False,1,0,-0.013045426022958936,-0.006712633329037927,0.009727438875874876,0.956493669350181,-0.042539026868346465,-0.288635222532041
6,8,1.2779952415943452,3.097148016826217,4.325771144879644,0.003249635185680001,0.015,9.21875,0.234375,9.21875,9.453125,two_core_entries,escaped,True,False,2,0,-0.013425094715017792,0.0018235789377265962,0.00721120798415153,0.956493669350181,-0.042539026868346465,-0.288635222532041
6,9,1.2779952415943452,3.097148016826217,5.528337272558763,0.014210297540537908,0.015,2.75,0.25,2.75,3.0,bounded_core_residence,escaped,True,False,1,0,-0.011999729299740972,-0.009826991172688333,0.013651714083420488,0.956493669350181,-0.042539026868346465,-0.288635222532041
6,10,1.2779952415943452,3.097148016826217,2.870414047743953,0.009180794764244224,0.015,3.73046875,0.13671875,3.73046875,3.8671875,bounded_core_residence,escaped,True,False,1,0,-0.014663529159545231,0.009506178520836156,0.001974962030099356,0.956493669350181,-0.042539026868346465,-0.288635222532041
6,11,1.2779952415943452,3.097148016826217,4.046112960421238,0.00254555414007376,0.015,8.75,0.234375,8.75,8.984375,two_core_entries,escaped,True,False,2,0,-0.013700475582884774,0.0021841812896667093,0.00624549171616572,0.956493669350181,-0.042539026868346465,-0.288635222532041
6,12,1.2779952415943452,3.097148016826217,3.7391266999394768,0.012160560106428533,0.015,5.75,0.25,5.75,6.0,two_core_entries,escaped,True,False,2,0,-0.01192795423305983,0.010593865491960671,0.010879942272564508,0.956493669350181,-0.042539026868346465,-0.288635222532041
6,13,1.2779952415943452,3.097148016826217,3.263726479867941,0.012751491627899915,0.015,0.0,3.5,0.0,3.5,escaped,escaped,False,False,0,0,-0.013337118797709373,0.013262169549823715,0.005816928720890223,0.956493669350181,-0.042539026868346465,-0.288635222532041
6,14,1.2779952415943452,3.097148016826217,4.5521701506312295,0.006652843874808046,0.015,9.21875,0.234375,9.21875,9.453125,two_core_entries,escaped,True,False,2,0,-0.012406469592161467,0.001614169887722732,0.010617640955264636,0.956493669350181,-0.042539026868346465,-0.288635222532041
6,15,1.2779952415943452,3.097148016826217,0.7163748709289861,0.01253348269226386,0.015,2.5,0.13671875,2.5,2.63671875,two_core_entries,escaped,True,False,2,0,-0.017140558093025345,-0.008699677414469807,-0.0035503618887466823,0.956493669350181,-0.042539026868346465,-0.288635222532041
6,16,1.2779952415943452,3.097148016826217,4.6851640800202485,0.014970554579032565,0.015,2.7734375,0.13671875,2.7734375,2.91015625,two_core_entries,escaped,True,True,2,1,-0.010014136205446503,0.0008532922693909331,0.018657611657593158,0.956493669350181,-0.042539026868346465,-0.288635222532041
6,17,1.2779952415943452,3.097148016826217,3.4283479759581077,0.011031560566309965,0.015,3.5,0.25,3.5,3.75,two_core_entries,escaped,True,False,2,0,-0.01297758095836334,0.0111687281439615,0.007316914147615277,0.956493669350181,-0.042539026868346465,-0.288635222532041
6,18,1.2779952415943452,3.097148016826217,4.547626380278792,0.014586639825342527,0.015,2.63671875,0.13671875,2.63671875,2.7734375,bounded_core_residence,escaped,True,False,1,0,-0.01009200830544879,0.002843669805210072,0.018106213623945724,0.956493669350181,-0.042539026868346465,-0.288635222532041
6,19,1.2779952415943452,3.097148016826217,4.256066084126782,0.01385265213896243,0.015,2.0,0.25,2.0,2.25,two_core_entries,escaped,True,False,2,0,-0.010490494599678116,0.006576761714634246,0.01623550737384409,0.956493669350181,-0.042539026868346465,-0.288635222532041
6,20,1.2779952415943452,3.097148016826217,1.1187748986128168,0.011864352802037579,0.015,4.4140625,0.13671875,4.4140625,4.55078125,two_core_entries,escaped,True,False,2,0,-0.01765514374551262,-0.00440209829045392,-0.0058889979943693525,0.956493669350181,-0.042539026868346465,-0.288635222532041
6,21,1.2779952415943452,3.097148016826217,2.3452459239266834,0.012142523916114895,0.015,3.3203125,0.13671875,3.3203125,3.45703125,bounded_core_residence,escaped,True,False,1,0,-0.01647287553759237,0.009232550323751141,-0.003980612150890321,0.956493669350181,-0.042539026868346465,-0.288635222532041
6,22,1.2779952415943452,3.097148016826217,0.7618203280650572,0.01465472140764225,0.015,1.0,0.25,1.0,1.25,bounded_core_residence,escaped,True,False,1,0,-0.017735275642705776,-0.009825598646913288,-0.005355228159717472,0.956493669350181,-0.042539026868346465,-0.288635222532041
6,23,1.2779952415943452,3.097148016826217,3.6527468573865334,0.014732139201221435,0.015,5.0,0.25,5.0,5.25,bounded_core_residence,escaped,True,False,1,0,-0.011698458033776199,0.013382061450191078,0.011229534114087381,0.956493669350181,-0.042539026868346465,-0.288635222532041
6,24,1.2779952415943452,3.097148016826217,6.12671022857694,0.013473304176095482,0.015,0.0,3.5,0.0,3.5,escaped,escaped,False,False,0,0,-0.01433327787189697,-0.012684395445143933,0.006339809386708126,0.956493669350181,-0.042539026868346465,-0.288635222532041
7,0,2.1161134762212424,0.2582441925622327,5.808404174710798,0.012891128285514272,0.014999999999999998,0.0,2.75,0.0,2.75,escaped,escaped,False,False,0,0,0.012426468677957042,0.015140862936145395,-0.002741958099278195,-0.8266121550333054,-0.21834328217713814,0.5186892675574744
7,1,2.1161134762212424,0.2582441925622327,1.1379471870526068,0.009127057365565489,0.014999999999999998,2.91015625,0.13671875,2.91015625,3.046875,two_core_entries,escaped,True,False,2,0,0.007266471307317356,0.005879113253726927,-0.01486396980096869,-0.8266121550333054,-0.21834328217713814,0.5186892675574744
7,2,2.1161134762212424,0.2582441925622327,1.6756089915850603,0.0043763963631869,0.014999999999999998,3.73046875,0.13671875,3.73046875,3.8671875,two_core_entries,escaped,True,True,2,1,0.010333440295796834,0.0022559333945028634,-0.011501461702778673,-0.8266121550333054,-0.21834328217713814,0.5186892675574744
7,3,2.1161134762212424,0.2582441925622327,0.38847316817539873,0.01225224374071625,0.014999999999999998,0.0,3.75,0.0,3.75,escaped,escaped,False,False,0,0,0.007175972099637052,0.013623697691409448,-0.011748096114700287,-0.8266121550333054,-0.21834328217713814,0.5186892675574744
7,4,2.1161134762212424,0.2582441925622327,0.23050440105381842,0.006832993729664087,0.014999999999999998,4.0,0.25,4.0,4.25,bounded_core_residence,escaped,True,False,1,0,0.009917415763976038,0.009500035142400337,-0.009115042521416282,-0.8266121550333054,-0.21834328217713814,0.5186892675574744
7,5,2.1161134762212424,0.2582441925622327,1.758962258310423,0.008428617347896416,0.014999999999999998,3.18359375,0.13671875,3.18359375,3.3203125,two_core_entries,escaped,True,False,2,0,0.008649574687367045,0.0006540082397108083,-0.014859297471526372,-0.8266121550333054,-0.21834328217713814,0.5186892675574744
7,6,2.1161134762212424,0.2582441925622327,4.061790328418251,0.014602071787093785,0.014999999999999998,2.7734375,0.13671875,2.7734375,2.91015625,two_core_entries,escaped,True,False,2,0,0.020484672182179264,-0.0037363874076696735,0.002153628381104499,-0.8266121550333054,-0.21834328217713814,0.5186892675574744
7,7,2.1161134762212424,0.2582441925622327,3.149723244607777,0.012966148397139932,0.014999999999999998,0.0,3.25,0.0,3.25,escaped,escaped,False,False,0,0,0.015763279108025035,-0.00924666107760829,-0.007690207730289195,-0.8266121550333054,-0.21834328217713814,0.5186892675574744
7,8,2.1161134762212424,0.2582441925622327,4.477623013490724,0.010476542939602275,0.014999999999999998,3.8671875,0.13671875,3.8671875,4.00390625,bounded_core_residence,escaped,True,False,1,0,0.01813130869050428,0.0022686585728555527,0.0009310131120361343,-0.8266121550333054,-0.21834328217713814,0.5186892675574744
7,9,2.1161134762212424,0.2582441925622327,0.2551914957742612,0.014384331813977316,0.014999999999999998,0.0,3.0,0.0,3.0,escaped,escaped,False,False,0,0,0.007023698472593718,0.01625111979124889,-0.010884749286555162,-0.8266121550333054,-0.21834328217713814,0.5186892675574744
7,10,2.1161134762212424,0.2582441925622327,5.060885179915014,0.009348653881661614,0.014999999999999998,5.46875,0.234375,5.46875,5.703125,two_core_entries,escaped,True,False,2,0,0.01599031856224562,0.007525635462139375,-0.0002680532932089214,-0.8266121550333054,-0.21834328217713814,0.5186892675574744
7,11,2.1161134762212424,0.2582441925622327,4.314316108389431,0.010135695992378874,0.014999999999999998,4.00390625,0.13671875,4.00390625,4.140625,two_core_entries,escaped,True,False,2,0,0.018088098636291634,0.0007140496885892048,0.00020773544698843033,-0.8266121550333054,-0.21834328217713814,0.5186892675574744
7,12,2.1161134762212424,0.2582441925622327,1.8906455815414864,0.01022588542184324,0.014999999999999998,2.91015625,0.13671875,2.91015625,3.046875,two_core_entries,escaped,True,False,2,0,0.008352218472978467,-0.0011193587677671246,-0.016079683305007166,-0.8266121550333054,-0.21834328217713814,0.5186892675574744
7,13,2.1161134762212424,0.2582441925622327,1.3692103608219144,0.013446607436477902,0.014999999999999998,2.7734375,0.13671875,2.7734375,2.91015625,two_core_entries,escaped,True,False,2,0,0.0051048258169085585,0.004133066488115243,-0.01904389052516805,-0.8266121550333054,-0.21834328217713814,0.5186892675574744
7,14,2.1161134762212424,0.2582441925622327,1.2064127106382683,0.013042103496858876,0.014999999999999998,2.5,0.13671875,2.5,2.63671875,two_core_entries,escaped,True,False,2,0,0.005101143059500582,0.006154696993368802,-0.018198750177666173,-0.8266121550333054,-0.21834328217713814,0.5186892675574744
7,15,2.1161134762212424,0.2582441925622327,5.491076689842391,0.01333644933468904,0.014999999999999998,0.0,3.5,0.0,3.5,escaped,escaped,False,False,0,0,0.014767878650568472,0.013588879849620376,0.0003361330858350905,-0.8266121550333054,-0.21834328217713814,0.5186892675574744
7,16,2.1161134762212424,0.2582441925622327,2.9387086042827426,0.008536193578702209,0.014999999999999998,3.5,0.25,3.5,3.75,two_core_entries,escaped,True,False,2,0,0.013671908973641428,-0.005036546697223487,-0.009250875806983192,-0.8266121550333054,-0.21834328217713814,0.5186892675574744
7,17,2.1161134762212424,0.2582441925622327,3.0585318048888075,0.014883926139698439,0.014999999999999998,0.0,0.25,0.0,0.25,escaped,escaped,False,False,0,0,0.015567920321970458,-0.01122918619081011,-0.008836090293387524,-0.8266121550333054,-0.21834328217713814,0.5186892675574744
7,18,2.1161134762212424,0.2582441925622327,0.8390455345789931,0.010330441805196476,0.014999999999999998,5.9375,0.234375,5.9375,6.171875,bounded_core_residence,escaped,True,False,1,0,0.006781990557213074,0.008930674821885023,-0.014351504422818278,-0.8266121550333054,-0.21834328217713814,0.5186892675574744
7,19,2.1161134762212424,0.2582441925622327,2.077555348499006,0.013201685064798336,0.014999999999999998,2.12890625,0.146484375,2.12890625,2.275390625,two_core_entries,escaped,True,False,2,0,0.00824706768756218,-0.004448743960555342,-0.017648768803525918,-0.8266121550333054,-0.21834328217713814,0.5186892675574744
7,20,2.1161134762212424,0.2582441925622327,2.5621256439955675,0.01365268727463151,0.014999999999999998,0.0,3.0,0.0,3.0,escaped,escaped,False,False,0,0,0.01156757794647051,-0.008760274051077085,-0.014171965594836862,-0.8266121550333054,-0.21834328217713814,0.5186892675574744
7,21,2.1161134762212424,0.2582441925622327,5.735170167553065,0.01045541171797137,0.014999999999999998,0.0,3.75,0.0,3.75,escaped,escaped,False,False,0,0,0.012851775476272902,0.012625104086893395,-0.003123179164708784,-0.8266121550333054,-0.21834328217713814,0.5186892675574744
7,22,2.1161134762212424,0.2582441925622327,0.31619726026564454,0.007599284182422139,0.014999999999999998,4.0,0.25,4.0,4.25,bounded_core_residence,escaped,True,False,1,0,0.009369627923721159,0.009945178358311015,-0.009800643860360309,-0.8266121550333054,-0.21834328217713814,0.5186892675574744
7,23,2.1161134762212424,0.2582441925622327,5.749002645258595,0.008981824513510725,0.014999999999999998,3.75,0.25,3.75,4.0,two_core_entries,escaped,True,False,2,0,0.012718239813333067,0.011355085029752873,-0.003870606103588175,-0.8266121550333054,-0.21834328217713814,0.5186892675574744
7,24,2.1161134762212424,0.2582441925622327,2.1141126070139835,0.010771585617657944,0.014999999999999998,2.5,0.13671875,2.5,2.63671875,two_core_entries,escaped,True,False,2,0,0.009197360950074727,-0.003330246508133849,-0.01566349470800301,-0.8266121550333054,-0.21834328217713814,0.5186892675574744
8,0,0.9722562773918639,3.666043109223663,3.948766943384016,0.010452860522781156,0.014999999999999998,2.63671875,0.13671875,2.63671875,2.7734375,bounded_core_residence,escaped,True,False,1,0,-0.010664020682659321,0.002181981215154366,0.014689449069493533,0.7151226842621968,0.4136887482508981,-0.5634369228442837
8,1,0.9722562773918639,3.666043109223663,4.53571189238153,0.006035110772838931,0.014999999999999998,3.18359375,0.13671875,3.18359375,3.3203125,two_core_entries,escaped,True,True,2,1,-0.00836041793775193,-0.0036109627681435675,0.013359899768846814,0.7151226842621968,0.4136887482508981,-0.5634369228442837
8,2,0.9722562773918639,3.666043109223663,0.21935620372285364,0.01366632214178365,0.014999999999999998,2.275390625,0.146484375,2.275390625,2.421875,two_core_entries,escaped,True,False,2,0,-0.0054979394815382505,-0.018590439064108802,0.005994714150316629,0.7151226842621968,0.4136887482508981,-0.5634369228442837
8,3,0.9722562773918639,3.666043109223663,6.062498766336742,0.0076054316469426255,0.014999999999999998,3.3203125,0.13671875,3.3203125,3.45703125,bounded_core_residence,escaped,True,False,1,0,-0.006198924913757141,-0.01215922222739525,0.00982696470303698,0.7151226842621968,0.4136887482508981,-0.5634369228442837
8,4,0.9722562773918639,3.666043109223663,2.616541095541436,0.012389035901561799,0.014999999999999998,2.5,0.13671875,2.5,2.63671875,two_core_entries,escaped,True,False,2,0,-0.01912358069091117,0.0013219942517246203,0.0033210244393565647,0.7151226842621968,0.4136887482508981,-0.5634369228442837
8,5,0.9722562773918639,3.666043109223663,4.178468028526724,0.007691968734391957,0.014999999999999998,3.18359375,0.13671875,3.18359375,3.3203125,two_core_entries,escaped,True,False,2,0,-0.009457675644811595,-0.0009487913107352856,0.013921873058503089,0.7151226842621968,0.4136887482508981,-0.5634369228442837
8,6,0.9722562773918639,3.666043109223663,3.4594991439006373,0.012095757250042779,0.014999999999999998,3.0,0.25,3.0,3.25,bounded_core_residence,escaped,True,False,1,0,-0.014636170618571039,0.004806824536001619,0.011575158355553198,0.7151226842621968,0.4136887482508981,-0.5634369228442837
8,7,0.9722562773918639,3.666043109223663,0.1605539031386804,0.0028264461030139063,0.014999999999999998,4.140625,0.13671875,4.140625,4.27734375,bounded_core_residence,escaped,True,False,1,0,-0.009550107378597761,-0.00874791740993131,0.008078253995729258,0.7151226842621968,0.4136887482508981,-0.5634369228442837
8,8,0.9722562773918639,3.666043109223663,2.8903352522127386,0.0038487234112355747,0.014999999999999998,3.73046875,0.13671875,3.73046875,3.8671875,bounded_core_residence,escaped,True,False,1,0,-0.013060206353427098,-0.003248452469229825,0.0076610207190197475,0.7151226842621968,0.4136887482508981,-0.5634369228442837
8,9,0.9722562773918639,3.666043109223663,4.920148417440959,0.009934380646433228,0.014999999999999998,2.7734375,0.13671875,2.7734375,2.91015625,two_core_entries,escaped,True,False,2,0,-0.004959845481582893,-0.005236517151296796,0.016482437312218823,0.7151226842621968,0.4136887482508981,-0.5634369228442837
8,10,0.9722562773918639,3.666043109223663,1.8229088557404478,0.009295277479585223,0.014999999999999998,3.3203125,0.13671875,3.3203125,3.45703125,two_core_entries,escaped,True,False,2,0,-0.01627799815359264,-0.006737867436518346,0.001014939378497252,0.7151226842621968,0.4136887482508981,-0.5634369228442837
8,11,0.9722562773918639,3.666043109223663,0.9554157798219971,0.014472894521790246,0.014999999999999998,0.0,2.75,0.0,2.75,escaped,escaped,False,False,0,0,-0.012307014232465763,-0.016771433153868018,-0.001311909480904816,0.7151226842621968,0.4136887482508981,-0.5634369228442837
8,12,0.9722562773918639,3.666043109223663,1.8899148767002814,0.012579469075538625,0.014999999999999998,2.7734375,0.13671875,2.7734375,2.91015625,two_core_entries,escaped,True,False,2,0,-0.018528418344959066,-0.006159107048050467,-0.0014163884450502998,0.7151226842621968,0.4136887482508981,-0.5634369228442837
8,13,0.9722562773918639,3.666043109223663,3.4797293584743207,0.0053980099640824775,0.014999999999999998,3.59375,0.13671875,3.59375,3.73046875,two_core_entries,escaped,True,False,2,0,-0.012403433403715972,-0.0012921897166907744,0.009930941400894233,0.7151226842621968,0.4136887482508981,-0.5634369228442837
8,14,0.9722562773918639,3.666043109223663,5.152889774927239,0.006794775907650406,0.014999999999999998,3.046875,0.13671875,3.046875,3.18359375,two_core_entries,escaped,True,False,2,0,-0.006278548206075411,-0.006979148150768542,0.013529238823703188,0.7151226842621968,0.4136887482508981,-0.5634369228442837
8,15,0.9722562773918639,3.666043109223663,4.080137132268691,0.012263226337277952,0.014999999999999998,2.421875,0.146484375,2.421875,2.568359375,two_core_entries,escaped,True,False,2,0,-0.009530950618239156,0.0028588372830423807,0.01662452254655998,0.7151226842621968,0.4136887482508981,-0.5634369228442837
8,16,0.9722562773918639,3.666043109223663,3.2059335850228012,0.007546376404446393,0.014999999999999998,3.3203125,0.13671875,3.3203125,3.45703125,two_core_entries,escaped,True,False,2,0,-0.014261134193289067,0.0004501835330921241,0.008852411148671266,0.7151226842621968,0.4136887482508981,-0.5634369228442837
8,17,0.9722562773918639,3.666043109223663,5.064202134612978,0.010672832102699117,0.014999999999999998,2.63671875,0.13671875,2.63671875,2.7734375,two_core_entries,escaped,True,False,2,0,-0.003998768288495495,-0.00656215423274122,0.016728936878745285,0.7151226842621968,0.4136887482508981,-0.5634369228442837
8,18,0.9722562773918639,3.666043109223663,5.038227783919399,0.011078923242138333,0.014999999999999998,2.63671875,0.13671875,2.63671875,2.7734375,two_core_entries,escaped,True,False,2,0,-0.0038320239499059485,-0.00631382309077669,0.017122901933694392,0.7151226842621968,0.4136887482508981,-0.5634369228442837
8,19,0.9722562773918639,3.666043109223663,1.6592602937435392,0.009686211801027826,0.014999999999999998,3.3203125,0.13671875,3.3203125,3.45703125,bounded_core_residence,escaped,True,False,1,0,-0.015860948084710055,-0.008186705698283262,0.00048049424366943157,0.7151226842621968,0.4136887482508981,-0.5634369228442837
8,20,0.9722562773918639,3.666043109223663,2.0133332162442787,0.013414102763652314,0.014999999999999998,2.5,0.13671875,2.5,2.63671875,two_core_entries,escaped,True,False,2,0,-0.01951523706249965,-0.004653011021696884,-0.0015630623084931742,0.7151226842621968,0.4136887482508981,-0.5634369228442837
8,21,0.9722562773918639,3.666043109223663,0.8215500370100329,0.01423447879208012,0.014999999999999998,1.982421875,0.146484375,1.982421875,2.12890625,bounded_core_residence,escaped,True,False,1,0,-0.010955404598921106,-0.017537792961739677,-0.00015910558529220326,0.7151226842621968,0.4136887482508981,-0.5634369228442837
8,22,0.9722562773918639,3.666043109223663,3.6474862797618655,0.014050627327142162,0.014999999999999998,2.5,0.25,2.5,2.75,two_core_entries,escaped,True,False,2,0,-0.01356052274825818,0.0063544532315481395,0.014076692623207833,0.7151226842621968,0.4136887482508981,-0.5634369228442837
8,23,0.9722562773918639,3.666043109223663,5.303329441901553,0.014336215647046367,0.014999999999999998,2.7734375,0.13671875,2.7734375,2.91015625,two_core_entries,escaped,True,False,2,0,-0.000921081684808896,-0.009760326628335038,0.01828700937049961,0.7151226842621968,0.4136887482508981,-0.5634369228442837
8,24,0.9722562773918639,3.666043109223663,1.1319485122410324,0.013971065294658799,0.014999999999999998,0.0,3.5,0.0,3.5,escaped,escaped,False,False,0,0,-0.013922502462293934,-0.014911955770267032,-0.001997039248647506,0.7151226842621968,0.4136887482508981,-0.5634369228442837
9,0,2.5596123628312286,3.680754824290826,3.7435789906326704,0.010768040414022576,0.014999999999999998,3.73046875,0.13671875,3.73046875,3.8671875,bounded_core_residence,escaped,True,False,1,0,-0.016003450100889154,0.0007675982625979351,-0.00917883827799744,0.47170132129301307,0.28221480611940813,0.8353757637718552
9,1,2.5596123628312286,3.680754824290826,1.2129165172937024,0.012397755655245797,0.014999999999999998,4.4140625,0.13671875,4.4140625,4.55078125,two_core_entries,escaped,True,False,2,0,0.003478608672141903,-0.00297949577819133,-0.018913651997988605,0.47170132129301307,0.28221480611940813,0.8353757637718552
9,2,2.5596123628312286,3.680754824290826,2.8773136139105,0.011129380241912169,0.014999999999999998,3.5,0.25,3.5,3.75,two_core_entries,escaped,True,False,2,0,-0.010507110699370882,0.00623261259796682,-0.014128632967272388,0.47170132129301307,0.28221480611940813,0.8353757637718552
9,3,2.5596123628312286,3.680754824290826,1.602304503538248,0.014883512260564988,0.014999999999999998,2.421875,0.146484375,2.421875,2.568359375,bounded_core_residence,escaped,True,False,1,0,0.003347979261371553,0.0025494523884494026,-0.020707734414822977,0.47170132129301307,0.28221480611940813,0.8353757637718552
9,4,2.5596123628312286,3.680754824290826,0.41375236667237064,0.013247433581693125,0.014999999999999998,3.5,0.25,3.5,3.75,bounded_core_residence,escaped,True,False,1,0,0.002970139931006214,-0.01235775848134754,-0.015458284853381894,0.47170132129301307,0.28221480611940813,0.8353757637718552
9,5,2.5596123628312286,3.680754824290826,4.716643818334767,0.00405918229586806,0.014999999999999998,5.234375,0.234375,5.234375,5.46875,bounded_core_residence,escaped,True,False,1,0,-0.009976526678981787,-0.005988995550815574,-0.01029940816877186,0.47170132129301307,0.28221480611940813,0.8353757637718552
9,6,2.5596123628312286,3.680754824290826,5.313604399434072,0.009096693632176068,0.014999999999999998,0.0,4.0,0.0,4.0,escaped,escaped,False,False,0,0,-0.009811376310577281,-0.011866176270889341,-0.008407174949892397,0.47170132129301307,0.28221480611940813,0.8353757637718552
9,7,2.5596123628312286,3.680754824290826,4.1103849229756015,0.004694216767135746,0.014999999999999998,4.82421875,0.13671875,4.82421875,4.9609375,two_core_entries,escaped,True,False,2,0,-0.011213897268418732,-0.003611412656607154,-0.010403935684821723,0.47170132129301307,0.28221480611940813,0.8353757637718552
9,8,2.5596123628312286,3.680754824290826,0.8610541294324249,0.011597345145751206,0.014999999999999998,4.82421875,0.13671875,4.82421875,4.9609375,two_core_entries,escaped,True,False,2,0,0.0031107597941679712,-0.006945442475456516,-0.017366128433038596,0.47170132129301307,0.28221480611940813,0.8353757637718552
9,9,2.5596123628312286,3.680754824290826,5.620287233256602,0.005981900083263473,0.014999999999999998,4.5,0.25,4.5,4.75,two_core_entries,escaped,True,False,2,0,-0.007293751542812489,-0.009858241953946705,-0.010507111049918192,0.47170132129301307,0.28221480611940813,0.8353757637718552
9,10,2.5596123628312286,3.680754824290826,4.505904160666093,0.005846595923658267,0.014999999999999998,4.75,0.25,4.75,5.0,bounded_core_residence,escaped,True,False,1,0,-0.011793148563806935,-0.005658910184689417,-0.009385151376942954,0.47170132129301307,0.28221480611940813,0.8353757637718552
9,11,2.5596123628312286,3.680754824290826,3.0208626142452175,0.013741941157163413,0.014999999999999998,0.0,0.25,0.0,0.25,escaped,escaped,False,False,0,0,-0.012893068082367414,0.008183277100369825,-0.013440376411728325,0.47170132129301307,0.28221480611940813,0.8353757637718552
9,12,2.5596123628312286,3.680754824290826,1.5657945433353373,0.008189112121044081,0.014999999999999998,3.18359375,0.13671875,3.18359375,3.3203125,two_core_entries,escaped,True,False,2,0,-0.001184046032854158,-0.0007561356450919497,-0.017031965570929702,0.47170132129301307,0.28221480611940813,0.8353757637718552
9,13,2.5596123628312286,3.680754824290826,5.692945765252217,0.008830282791447047,0.014999999999999998,3.5,0.25,3.5,3.75,two_core_entries,escaped,True,False,2,0,-0.006832065813457608,-0.012636603716552054,-0.009829192103542005,0.47170132129301307,0.28221480611940813,0.8353757637718552
9,14,2.5596123628312286,3.680754824290826,0.5378481985828427,0.009510448975271184,0.014999999999999998,5.234375,0.234375,5.234375,5.46875,two_core_entries,escaped,True,False,2,0,0.0006105722595356388,-0.009152617206470575,-0.015208729056004022,0.47170132129301307,0.28221480611940813,0.8353757637718552
9,15,2.5596123628312286,3.680754824290826,6.253453552140168,0.01335020543007944,0.014999999999999998,2.5,0.25,2.5,2.75,bounded_core_residence,escaped,True,False,1,0,-0.000508825214907375,-0.015854707275057073,-0.012312487122764811,0.47170132129301307,0.28221480611940813,0.8353757637718552
9,16,2.5596123628312286,3.680754824290826,1.3456046336324796,0.012247518934848772,0.014999999999999998,4.140625,0.13671875,4.140625,4.27734375,two_core_entries,escaped,True,False,2,0,0.0028867496368904,-0.0014597644682913529,-0.01909286474813317,0.47170132129301307,0.28221480611940813,0.8353757637718552
9,17,2.5596123628312286,3.680754824290826,4.360031797406633,0.013601846390210582,0.014999999999999998,3.59375,0.13671875,3.59375,3.73046875,two_core_entries,escaped,True,False,2,0,-0.018637246066804492,-0.0056803540437243335,-0.00551333494413406,0.47170132129301307,0.28221480611940813,0.8353757637718552
9,18,2.5596123628312286,3.680754824290826,0.8619775560030583,0.013481069259211829,0.014999999999999998,3.3203125,0.13671875,3.3203125,3.45703125,two_core_entries,escaped,True,False,2,0,0.004766250687539297,-0.007374396992308594,-0.018156000433879355,0.47170132129301307,0.28221480611940813,0.8353757637718552
9,19,2.5596123628312286,3.680754824290826,2.1084663445081193,0.012073852861078033,0.014999999999999998,2.5,0.13671875,2.5,2.63671875,two_core_entries,escaped,True,False,2,0,-0.0028160814550936145,0.005520820203134488,-0.018230966854061857,0.47170132129301307,0.28221480611940813,0.8353757637718552
9,20,2.5596123628312286,3.680754824290826,2.345233986886323,0.012139840054624243,0.014999999999999998,2.5,0.13671875,2.5,2.63671875,two_core_entries,escaped,True,False,2,0,-0.005213413071448361,0.006773851179591768,-0.017300606373623257,0.47170132129301307,0.28221480611940813,0.8353757637718552
9,21,2.5596123628312286,3.680754824290826,2.5933422897670257,0.00758853290770123,0.014999999999999998,4.55078125,0.13671875,4.55078125,4.6875,two_core_entries,escaped,True,False,2,0,-0.007565294244920412,0.003020708419537258,-0.014704675287920344,0.47170132129301307,0.28221480611940813,0.8353757637718552
9,22,2.5596123628312286,3.680754824290826,1.308565549718284,0.01372344067023423,0.014999999999999998,3.45703125,0.13671875,3.45703125,3.59375,two_core_entries,escaped,True,False,2,0,0.004252602696859367,-0.0016014262472468636,-0.019816246569588605,0.47170132129301307,0.28221480611940813,0.8353757637718552
9,23,2.5596123628312286,3.680754824290826,3.3977327908565336,0.0020958512160813227,0.014999999999999998,4.9609375,0.13671875,4.9609375,5.09765625,bounded_core_residence,escaped,True,False,1,0,-0.008497103428910663,-0.0027211027972665293,-0.01223876730741509,0.47170132129301307,0.28221480611940813,0.8353757637718552
9,24,2.5596123628312286,3.680754824290826,4.4213310529508885,0.011862469607719585,0.014999999999999998,3.73046875,0.13671875,3.73046875,3.8671875,two_core_entries,escaped,True,False,2,0,-0.016969423495502456,-0.006185792413638748,-0.006284331598485972,0.47170132129301307,0.28221480611940813,0.8353757637718552
10,0,1.026929704093844,3.2146010012475466,4.056899727629955,0.007926605131622645,0.014999999999999998,2.91015625,0.13671875,2.91015625,3.046875,two_core_entries,escaped,True,False,2,0,-0.009911068880159754,0.004119666103258586,0.0131388787102651,0.8534347452922794,0.06241880197412991,-0.5174485758875141
10,1,1.026929704093844,3.2146010012475466,0.603415627871998,0.012342290524519869,0.014999999999999998,3.046875,0.13671875,3.046875,3.18359375,two_core_entries,escaped,True,False,2,0,-0.015674638451102903,-0.011336231088791681,0.0017685331550107396,0.8534347452922794,0.06241880197412991,-0.5174485758875141
10,2,1.026929704093844,3.2146010012475466,4.666472430123178,0.011485256548890144,0.014999999999999998,3.046875,0.13671875,3.046875,3.18359375,two_core_entries,escaped,True,False,2,0,-0.006919024687176803,2.2540192786197634e-05,0.017579468345537957,0.8534347452922794,0.06241880197412991,-0.5174485758875141
10,3,1.026929704093844,3.2146010012475466,3.1564192725171485,0.008652146609444198,0.014999999999999998,3.45703125,0.13671875,3.45703125,3.59375,two_core_entries,escaped,True,False,2,0,-0.013366369599755368,0.007696709226386078,0.007871497427968556,0.8534347452922794,0.06241880197412991,-0.5174485758875141
10,4,1.026929704093844,3.2146010012475466,0.09127768957270599,0.012222722700204533,0.014999999999999998,2.75,0.25,2.75,3.0,two_core_entries,escaped,True,False,2,0,-0.012488625059282015,-0.013117749337488735,0.0068083659312335905,0.8534347452922794,0.06241880197412991,-0.5174485758875141
10,5,1.026929704093844,3.2146010012475466,4.6038327353447155,0.011359112546171562,0.014999999999999998,3.046875,0.13671875,3.046875,3.18359375,two_core_entries,escaped,True,False,2,0,-0.007063699668052626,0.0007173420470737066,0.01742466657424599,0.8534347452922794,0.06241880197412991,-0.5174485758875141
10,6,1.026929704093844,3.2146010012475466,3.8459007956789986,0.012688236392842634,0.014999999999999998,2.75,0.25,2.75,3.0,two_core_entries,escaped,True,False,2,0,-0.00926693906606201,0.009017252092373316,0.01479203663493094,0.8534347452922794,0.06241880197412991,-0.5174485758875141
10,7,1.026929704093844,3.2146010012475466,5.2352761048531695,0.013626095455174134,0.014999999999999998,1.8359375,0.146484375,1.8359375,1.982421875,two_core_entries,escaped,True,False,2,0,-0.0062127569399467834,-0.007277214367705813,0.01786377002777175,0.8534347452922794,0.06241880197412991,-0.5174485758875141
10,8,1.026929704093844,3.2146010012475466,2.710607093968671,0.012867261428361277,0.014999999999999998,2.7734375,0.13671875,2.7734375,2.91015625,two_core_entries,escaped,True,False,2,0,-0.01642841524967518,0.010520286772022255,0.003161827839153697,0.8534347452922794,0.06241880197412991,-0.5174485758875141
10,9,1.026929704093844,3.2146010012475466,0.24158898346280186,0.014749877111396137,0.014999999999999998,0.0,2.5,0.0,2.5,escaped,escaped,False,False,0,0,-0.01357799064692507,-0.0153528516751136,0.004742044942349705,0.8534347452922794,0.06241880197412991,-0.5174485758875141
10,10,1.026929704093844,3.2146010012475466,4.273120047299576,0.009345901684810842,0.014999999999999998,2.7734375,0.13671875,2.7734375,2.91015625,bounded_core_residence,escaped,True,False,1,0,-0.008726197557804355,0.0033470023211296064,0.014999897664539996,0.8534347452922794,0.06241880197412991,-0.5174485758875141
10,11,1.026929704093844,3.2146010012475466,1.8551296288547177,0.00974368039514581,0.014999999999999998,9.21875,0.234375,9.21875,9.453125,two_core_entries,escaped,True,False,2,0,-0.01782742140745204,0.001436706336984725,-0.00024130583320202455,0.8534347452922794,0.06241880197412991,-0.5174485758875141
10,12,1.026929704093844,3.2146010012475466,1.7480407124191588,0.014297267663394134,0.014999999999999998,5.46875,0.234375,5.46875,5.703125,two_core_entries,escaped,True,False,2,0,-0.020248199437139985,0.001046676428277741,-0.004280975431724318,0.8534347452922794,0.06241880197412991,-0.5174485758875141
10,13,1.026929704093844,3.2146010012475466,4.155408700990309,0.014783144784825163,0.014999999999999998,1.54296875,0.146484375,1.54296875,1.689453125,two_core_entries,escaped,True,False,2,0,-0.0068955207242076145,0.007331290993297162,0.018499873946671276,0.8534347452922794,0.06241880197412991,-0.5174485758875141
10,14,1.026929704093844,3.2146010012475466,3.0674543015983904,0.01304184772193168,0.014999999999999998,2.75,0.25,2.75,3.0,two_core_entries,escaped,True,False,2,0,-0.014248757810208307,0.011998631013837052,0.006935095288593359,0.8534347452922794,0.06241880197412991,-0.5174485758875141
10,15,1.026929704093844,3.2146010012475466,2.0535408416312055,0.014474563432881754,0.014999999999999998,2.5,0.13671875,2.5,2.63671875,bounded_core_residence,escaped,True,False,1,0,-0.019907910190194535,0.005281179096696785,-0.0032089321869243617,0.8534347452922794,0.06241880197412991,-0.5174485758875141
10,16,1.026929704093844,3.2146010012475466,5.415649254853974,0.009834287502453251,0.014999999999999998,2.63671875,0.13671875,2.63671875,2.7734375,two_core_entries,escaped,True,False,2,0,-0.008466573788315328,-0.006996129721880679,0.014180426928782425,0.8534347452922794,0.06241880197412991,-0.5174485758875141
10,17,1.026929704093844,3.2146010012475466,2.2989210297234846,0.007893701934049447,0.014999999999999998,5.46875,0.234375,5.46875,5.703125,two_core_entries,escaped,True,False,2,0,-0.01622540454582651,0.004080361913316918,0.002719820619864667,0.8534347452922794,0.06241880197412991,-0.5174485758875141
10,18,1.026929704093844,3.2146010012475466,4.324422911246873,0.004760196011557748,0.014999999999999998,3.73046875,0.13671875,3.73046875,3.8671875,two_core_entries,escaped,True,False,2,0,-0.010658856895172372,0.0010260516822430423,0.011532365485972636,0.8534347452922794,0.06241880197412991,-0.5174485758875141
10,19,1.026929704093844,3.2146010012475466,4.899071721231784,0.009198785024901715,0.014999999999999998,3.18359375,0.13671875,3.18359375,3.3203125,bounded_core_residence,escaped,True,False,1,0,-0.008012248110068076,-0.0022978600548281287,0.01549649525942856,0.8534347452922794,0.06241880197412991,-0.5174485758875141
10,20,1.026929704093844,3.2146010012475466,0.07728784706927072,0.004973384723691564,0.014999999999999998,4.27734375,0.13671875,4.27734375,4.4140625,two_core_entries,escaped,True,False,2,0,-0.012637998765774755,-0.005896104811411889,0.007433134659009607,0.8534347452922794,0.06241880197412991,-0.5174485758875141
10,21,1.026929704093844,3.2146010012475466,1.7980795167639947,0.014229872392749584,0.014999999999999998,5.0,0.234375,5.0,5.234375,two_core_entries,escaped,True,False,2,0,-0.02019016032633216,0.0017383270182900299,-0.0041018183148967555,0.8534347452922794,0.06241880197412991,-0.5174485758875141
10,22,1.026929704093844,3.2146010012475466,5.166065318677629,0.012605944244322532,0.014999999999999998,2.275390625,0.146484375,2.275390625,2.421875,bounded_core_residence,escaped,True,False,1,0,-0.0065510573157708425,-0.006018734742949265,0.01745761468329706,0.8534347452922794,0.06241880197412991,-0.5174485758875141
10,23,1.026929704093844,3.2146010012475466,0.8841687196510967,0.014563459557695712,0.014999999999999998,2.12890625,0.146484375,2.12890625,2.275390625,two_core_entries,escaped,True,False,2,0,-0.017940694042080905,-0.010569064452990318,-0.0018763603506836537,0.8534347452922794,0.06241880197412991,-0.5174485758875141
10,24,1.026929704093844,3.2146010012475466,2.431525792392936,0.014048537970647538,0.014999999999999998,1.689453125,0.146484375,1.689453125,1.8359375,bounded_core_residence,escaped,True,False,1,0,-0.01830479010281394,0.009342936631493095,-7.492332450456055e-05,0.8534347452922794,0.06241880197412991,-0.5174485758875141
11,0,2.5112551648966344,5.131705771684321,4.004049339365007,0.012750100893628855,0.015000000000000001,3.8671875,0.13671875,3.8671875,4.00390625,two_core_entries,escaped,True,False,2,0,-0.000791974893597276,-0.01859699652734815,-0.006410114564298192,-0.23997336355147025,0.5383546090910015,0.807828632604879
11,1,2.5112551648966344,5.131705771684321,4.2254213737674355,0.006666796266577944,0.015000000000000001,4.6875,0.13671875,4.6875,4.82421875,two_core_entries,escaped,True,False,2,0,0.0026879542410329707,-0.013692715171455674,-0.008644687715097528,-0.23997336355147025,0.5383546090910015,0.807828632604879
11,2,2.5112551648966344,5.131705771684321,4.172141703635811,0.008302622395978522,0.015000000000000001,4.4140625,0.13671875,4.4140625,4.55078125,two_core_entries,escaped,True,False,2,0,0.0020409233034382143,-0.015067551054611104,-0.007920673957206848,-0.23997336355147025,0.5383546090910015,0.807828632604879
11,3,2.5112551648966344,5.131705771684321,0.4566021288763831,0.013646416815701898,0.015000000000000001,2.75,0.25,2.75,3.0,two_core_entries,escaped,True,False,2,0,0.012808029945295979,0.0013508605546427629,-0.01566378742801955,-0.23997336355147025,0.5383546090910015,0.807828632604879
11,4,2.5112551648966344,5.131705771684321,6.248207637918133,0.011977461318631016,0.015000000000000001,2.75,0.25,2.75,3.0,bounded_core_residence,escaped,True,False,1,0,0.014670491734123,-0.0035108920103631668,-0.011870547131867979,-0.23997336355147025,0.5383546090910015,0.807828632604879
11,5,2.5112551648966344,5.131705771684321,1.4872710819710995,0.010231260583446044,0.015000000000000001,3.18359375,0.13671875,3.18359375,3.3203125,two_core_entries,escaped,True,False,2,0,0.0010259331058001162,-0.00020503814159407094,-0.01812688924634593,-0.23997336355147025,0.5383546090910015,0.807828632604879
11,6,2.5112551648966344,5.131705771684321,2.5773739371061657,0.009523311977226175,0.015000000000000001,3.18359375,0.13671875,3.18359375,3.3203125,two_core_entries,escaped,True,False,2,0,-0.005425459347361245,-0.0075940736250097955,-0.015119123905294268,-0.23997336355147025,0.5383546090910015,0.807828632604879
11,7,2.5112551648966344,5.131705771684321,1.2338827067627465,0.013605320713312302,0.015000000000000001,4.4140625,0.13671875,4.4140625,4.55078125,two_core_entries,escaped,True,False,2,0,0.0034843816392077847,0.0032300457514140134,-0.019685797945427783,-0.23997336355147025,0.5383546090910015,0.807828632604879
11,8,2.5112551648966344,5.131705771684321,5.633222413963795,0.007063107594344103,0.015000000000000001,4.25,0.25,4.25,4.5,two_core_entries,escaped,True,False,2,0,0.010141248928908646,-0.008939755836485127,-0.00959808963467318,-0.23997336355147025,0.5383546090910015,0.807828632604879
11,9,2.5112551648966344,5.131705771684321,0.46057694883991096,0.01335275980325879,0.015000000000000001,3.0,0.25,3.0,3.25,two_core_entries,escaped,True,False,2,0,0.012572761517267786,0.0011735676690164242,-0.015615524362623031,-0.23997336355147025,0.5383546090910015,0.807828632604879
11,10,2.5112551648966344,5.131705771684321,3.266605517289953,0.011717676440258382,0.015000000000000001,0.0,4.5,0.0,4.5,escaped,escaped,False,False,0,0,-0.0065388866694804015,-0.013886808740821342,-0.011256262491525589,-0.23997336355147025,0.5383546090910015,0.807828632604879
11,11,2.5112551648966344,5.131705771684321,3.803014652212603,0.007696961400709993,0.015000000000000001,5.0,0.234375,5.0,5.234375,two_core_entries,escaped,True,False,2,0,-0.0003930808949647096,-0.01403655858110542,-0.009330794468491369,-0.23997336355147025,0.5383546090910015,0.807828632604879
11,12,2.5112551648966344,5.131705771684321,6.209730696167771,0.005763522940671105,0.015000000000000001,4.00390625,0.13671875,4.00390625,4.140625,bounded_core_residence,escaped,True,False,1,0,0.008988734139848326,-0.0060471970018441245,-0.01186811963504138,-0.23997336355147025,0.5383546090910015,0.807828632604879
11,13,2.5112551648966344,5.131705771684321,2.637360151771094,0.008941394405683357,0.015000000000000001,3.45703125,0.13671875,3.45703125,3.59375,two_core_entries,escaped,True,False,2,0,-0.004971587189683778,-0.008075209470755965,-0.014663657345177258,-0.23997336355147025,0.5383546090910015,0.807828632604879
11,14,2.5112551648966344,5.131705771684321,4.043337350245885,0.014257356699245795,0.015000000000000001,3.73046875,0.13671875,3.73046875,3.8671875,two_core_entries,escaped,True,False,2,0,-0.0007990689198414478,-0.01992740153049194,-0.005525611020821122,-0.23997336355147025,0.5383546090910015,0.807828632604879
11,15,2.5112551648966344,5.131705771684321,5.518299407894496,0.0032871614124736805,0.015000000000000001,5.46875,0.234375,5.46875,5.703125,two_core_entries,escaped,True,False,2,0,0.006514343528012511,-0.008789259173486224,-0.010775791466615607,-0.23997336355147025,0.5383546090910015,0.807828632604879
11,16,2.5112551648966344,5.131705771684321,1.2353991262638844,0.011227686421624168,0.015000000000000001,5.0,0.234375,5.0,5.234375,two_core_entries,escaped,True,False,2,0,0.003487989379119383,0.001251946375557738,-0.018366477690243223,-0.23997336355147025,0.5383546090910015,0.807828632604879
11,17,2.5112551648966344,5.131705771684321,3.544462073907339,0.007662393692013789,0.015000000000000001,4.82421875,0.13671875,4.82421875,4.9609375,two_core_entries,escaped,True,False,2,0,-0.0018506286022902697,-0.013161769761724201,-0.010346751548537366,-0.23997336355147025,0.5383546090910015,0.807828632604879
11,18,2.5112551648966344,5.131705771684321,0.0657659011602277,0.013177616249475284,0.015000000000000001,0.0,2.75,0.0,2.75,escaped,escaped,False,False,0,0,0.015324756235687576,-0.0020828455608624544,-0.012627872770375283,-0.23997336355147025,0.5383546090910015,0.807828632604879
11,19,2.5112551648966344,5.131705771684321,4.5428446190260106,0.0126419902479599,0.015000000000000001,4.00390625,0.13671875,4.00390625,4.140625,two_core_entries,escaped,True,False,2,0,0.005749564299090653,-0.018137867354028083,-0.004772860321423386,-0.23997336355147025,0.5383546090910015,0.807828632604879
11,20,2.5112551648966344,5.131705771684321,5.146819334748157,0.00737898819045455,0.015000000000000001,4.75,0.25,4.75,5.0,bounded_core_residence,escaped,True,False,1,0,0.008637795834924997,-0.011749646909529371,-0.00817213236128778,-0.23997336355147025,0.5383546090910015,0.807828632604879
11,21,2.5112551648966344,5.131705771684321,3.1970445403881986,0.011978379596943322,0.015000000000000001,0.0,3.25,0.0,3.25,escaped,escaped,False,False,0,0,-0.007105894501474727,-0.013434501571779205,-0.011726125047100659,-0.23997336355147025,0.5383546090910015,0.807828632604879
11,22,2.5112551648966344,5.131705771684321,1.392018577650064,0.014423151053421651,0.015000000000000001,4.140625,0.13671875,4.140625,4.27734375,two_core_entries,escaped,True,False,2,0,0.0012741095530384387,0.0034413388350903185,-0.0204831911131731,-0.23997336355147025,0.5383546090910015,0.807828632604879
11,23,2.5112551648966344,5.131705771684321,1.5287817880765349,0.004508726135899924,0.015000000000000001,4.00390625,0.13671875,4.00390625,4.140625,two_core_entries,escaped,True,True,2,1,0.0022909747848156095,-0.004674415168636082,-0.014772606023823659,-0.23997336355147025,0.5383546090910015,0.807828632604879
11,24,2.5112551648966344,5.131705771684321,1.0823632760894182,0.014633103667671466,0.015000000000000001,3.18359375,0.13671875,3.18359375,3.3203125,bounded_core_residence,escaped,True,False,1,0,0.005621201258112885,0.0042547304324329575,-0.01973390707163534,-0.23997336355147025,0.5383546090910015,0.807828632604879
12,0,1.9426311399482603,4.547315599762185,2.1057760005900032,0.008880672092936977,0.014999999999999998,7.25,0.25,7.25,7.5,two_core_entries,escaped,True,False,2,0,-0.006306331361609812,-0.010302949168614397,-0.01256764735377286,0.1530951381883011,0.9189975421047388,0.3633254687859821
12,1,1.9426311399482603,4.547315599762185,2.777621084841183,0.010992247504752153,0.014999999999999998,0.0,4.25,0.0,4.25,escaped,escaped,False,False,0,0,-0.012195313972841857,-0.010694588171096288,-0.009095581683443085,0.1530951381883011,0.9189975421047388,0.3633254687859821
12,2,1.9426311399482603,4.547315599762185,5.7748178148868785,0.011133048249690443,0.014999999999999998,3.046875,0.13671875,3.046875,3.18359375,two_core_entries,escaped,True,False,2,0,0.006973003845970195,-0.017325156264923314,-0.0004011746377933466,0.1530951381883011,0.9189975421047388,0.3633254687859821
12,3,1.9426311399482603,4.547315599762185,5.980959031601623,0.012189608672258125,0.014999999999999998,3.046875,0.13671875,3.046875,3.18359375,two_core_entries,escaped,True,False,2,0,0.008965895483151689,-0.016997526287093973,-0.002069632307328992,0.1530951381883011,0.9189975421047388,0.3633254687859821
12,4,1.9426311399482603,4.547315599762185,5.574977640702788,0.014606462452676461,0.014999999999999998,1.54296875,0.146484375,1.54296875,1.689453125,two_core_entries,escaped,True,False,2,0,0.00807954671383269,-0.019013058859885065,0.0034019498924864446,0.1530951381883011,0.9189975421047388,0.3633254687859821
12,5,1.9426311399482603,4.547315599762185,2.605104030274287,0.011227663953164607,0.014999999999999998,0.0,4.5,0.0,4.5,escaped,escaped,False,False,0,0,-0.011472899756316157,-0.010142513148638527,-0.010796408479508687,0.1530951381883011,0.9189975421047388,0.3633254687859821
12,6,1.9426311399482603,4.547315599762185,1.804443326182682,0.008561586448030928,0.014999999999999998,3.18359375,0.13671875,3.18359375,3.3203125,two_core_entries,escaped,True,False,2,0,-0.0037544526479332775,-0.010474247061721289,-0.013209655419864536,0.1530951381883011,0.9189975421047388,0.3633254687859821
12,7,1.9426311399482603,4.547315599762185,2.2260427243936487,0.004118278738933937,0.014999999999999998,6.40625,0.234375,6.40625,6.640625,two_core_entries,escaped,True,False,2,0,-0.0045768522139333565,-0.01220232541100583,-0.008492107991970543,0.1530951381883011,0.9189975421047388,0.3633254687859821
12,8,1.9426311399482603,4.547315599762185,5.387921319196828,0.012848274068422805,0.014999999999999998,2.63671875,0.13671875,2.63671875,2.7734375,two_core_entries,escaped,True,False,2,0,0.0050299357781518825,-0.018698527925486933,0.0038913938408697184,0.1530951381883011,0.9189975421047388,0.3633254687859821
12,9,1.9426311399482603,4.547315599762185,4.974202316002385,0.011376787152962177,0.014999999999999998,4.27734375,0.13671875,4.27734375,4.4140625,two_core_entries,escaped,True,False,2,0,-4.785935910683794e-05,-0.018207189606771916,0.00478823997191117,0.1530951381883011,0.9189975421047388,0.3633254687859821
12,10,1.9426311399482603,4.547315599762185,0.26830527414064137,0.007018526163424339,0.014999999999999998,5.0,0.234375,5.0,5.234375,two_core_entries,escaped,True,False,2,0,0.004490076676752719,-0.014230204225479536,-0.007183328521284371,0.1530951381883011,0.9189975421047388,0.3633254687859821
12,11,1.9426311399482603,4.547315599762185,5.396795977568638,0.0019310904148726485,0.014999999999999998,5.703125,0.234375,5.703125,5.9375,two_core_entries,escaped,True,True,2,1,-0.0011814893529585207,-0.014521797900078185,-0.004055931317039702,0.1530951381883011,0.9189975421047388,0.3633254687859821
12,12,1.9426311399482603,4.547315599762185,0.7831558641602065,0.011122762197480991,0.014999999999999998,3.5,0.25,3.5,3.75,two_core_entries,escaped,True,False,2,0,0.005947527335117874,-0.012267892889198686,-0.012760938898015543,0.1530951381883011,0.9189975421047388,0.3633254687859821
12,13,1.9426311399482603,4.547315599762185,4.7999304367163615,0.008345630576758455,0.014999999999999998,5.46875,0.234375,5.46875,5.703125,two_core_entries,escaped,True,False,2,0,-0.0020730440665295237,-0.01688437190756489,0.0022956531334210528,0.1530951381883011,0.9189975421047388,0.3633254687859821
12,14,1.9426311399482603,4.547315599762185,2.198813395802189,0.011579729227849752,0.014999999999999998,5.25,0.25,5.25,5.5,bounded_core_residence,escaped,True,False,1,0,-0.008448075687377606,-0.009308797398897176,-0.014179789743044229,0.1530951381883011,0.9189975421047388,0.3633254687859821
12,15,1.9426311399482603,4.547315599762185,4.027879739188045,0.010362759300497905,0.014999999999999998,5.46875,0.234375,5.46875,5.703125,two_core_entries,escaped,True,False,2,0,-0.00923897454353621,-0.01558550551957367,0.00202981462288661,0.1530951381883011,0.9189975421047388,0.3633254687859821
12,16,1.9426311399482603,4.547315599762185,6.260807429681862,0.005225755402670226,0.014999999999999998,5.0,0.234375,5.0,5.234375,two_core_entries,escaped,True,False,2,0,0.002850019162679455,-0.014685375588975424,-0.005340941313253834,0.1530951381883011,0.9189975421047388,0.3633254687859821
12,17,1.9426311399482603,4.547315599762185,4.870263500721404,0.004473152002605742,0.014999999999999998,7.34375,0.234375,7.34375,7.578125,bounded_core_residence,escaped,True,False,1,0,-0.001866461181153726,-0.015483707797049658,-0.0013342429888313252,0.1530951381883011,0.9189975421047388,0.3633254687859821
12,18,1.9426311399482603,4.547315599762185,4.520792397052476,0.014010518828840156,0.014999999999999998,5.46875,0.234375,5.46875,5.703125,two_core_entries,escaped,True,False,2,0,-0.005749302258232175,-0.01827584997498574,0.007364337654438754,0.1530951381883011,0.9189975421047388,0.3633254687859821
12,19,1.9426311399482603,4.547315599762185,0.6560771316687259,0.012672011317379541,0.014999999999999998,0.0,4.0,0.0,4.0,escaped,escaped,False,False,0,0,0.008069780272198943,-0.012664617896516241,-0.012651718093660815,0.1530951381883011,0.9189975421047388,0.3633254687859821
12,20,1.9426311399482603,4.547315599762185,0.28172831480905386,0.009786406144608528,0.014999999999999998,4.0,0.25,4.0,4.25,two_core_entries,escaped,True,False,2,0,0.007138814325104001,-0.01435462163243783,-0.007984729992208207,0.1530951381883011,0.9189975421047388,0.3633254687859821
12,21,1.9426311399482603,4.547315599762185,1.2428895857983435,0.014471517974226978,0.014999999999999998,2.275390625,0.146484375,2.275390625,2.421875,bounded_core_residence,escaped,True,False,1,0,0.0031189056620778426,-0.009640777117833246,-0.018214079073993725,0.1530951381883011,0.9189975421047388,0.3633254687859821
12,22,1.9426311399482603,4.547315599762185,5.504376794944769,0.0028661685897136886,0.014999999999999998,5.703125,0.234375,5.703125,5.9375,two_core_entries,escaped,True,False,2,0,-0.0004043599466483517,-0.014841720637720544,-0.0035741773780924623,0.1530951381883011,0.9189975421047388,0.3633254687859821
12,23,1.9426311399482603,4.547315599762185,2.0743150562650037,0.011623179383976494,0.014999999999999998,6.640625,0.234375,6.640625,6.875,two_core_entries,escaped,True,False,2,0,-0.007220678327733404,-0.009214779625106391,-0.014934789584732065,0.1530951381883011,0.9189975421047388,0.3633254687859821
12,24,1.9426311399482603,4.547315599762185,3.0409332299227514,0.01431806355614367,0.014999999999999998,0.0,3.25,0.0,3.25,escaped,escaped,False,False,0,0,-0.01626246191153673,-0.010928409025625651,-0.0067903720621340265,0.1530951381883011,0.9189975421047388,0.3633254687859821
13,0,1.5749853852097047,0.8478411875317236,4.613174846015786,0.010199346459530044,0.015,2.5,0.25,2.5,2.75,two_core_entries,escaped,True,False,2,0,0.01070964087037168,0.010611198257016102,0.010086264530513315,-0.6615976752452918,-0.7498472964559312,0.00418904616307238
13,1,1.5749853852097047,0.8478411875317236,4.2316355872708185,0.012789054469375498,0.015,2.5,0.25,2.5,2.75,bounded_core_residence,escaped,True,False,1,0,0.01439022562884604,0.007370430920906933,0.011276438649311887,-0.6615976752452918,-0.7498472964559312,0.00418904616307238
13,2,1.5749853852097047,0.8478411875317236,4.92824898830788,0.014152694674425701,0.015,2.5,0.25,2.5,2.75,two_core_entries,escaped,True,False,2,0,0.007689223486843675,0.013296672991803335,0.013761289767530402,-0.6615976752452918,-0.7498472964559312,0.00418904616307238
13,3,1.5749853852097047,0.8478411875317236,6.026907580383795,0.014843233662046509,0.015,4.82421875,0.13671875,4.82421875,4.9609375,two_core_entries,escaped,True,False,2,0,-0.0008323515892509192,0.020759132987420884,0.003699618086851136,-0.6615976752452918,-0.7498472964559312,0.00418904616307238
13,4,1.5749853852097047,0.8478411875317236,2.9009874544507888,0.002588376206450668,0.015,4.82421875,0.13671875,4.82421875,4.9609375,two_core_entries,escaped,True,False,2,0,0.011807249850282394,0.009582623076669107,-0.0006796155748767252,-0.6615976752452918,-0.7498472964559312,0.00418904616307238
13,5,1.5749853852097047,0.8478411875317236,2.1830501934738074,0.007852081430016042,0.015,3.18359375,0.13671875,3.18359375,3.3203125,bounded_core_residence,escaped,True,False,1,0,0.013290018921146323,0.00824190938312263,-0.006488567606149341,-0.6615976752452918,-0.7498472964559312,0.00418904616307238
13,6,1.5749853852097047,0.8478411875317236,0.8534714224105063,0.0007345701409971696,0.015,4.55078125,0.13671875,4.55078125,4.6875,two_core_entries,escaped,True,True,2,1,0.009560337618319805,0.01156544920500241,-0.0006163786192697774,-0.6615976752452918,-0.7498472964559312,0.00418904616307238
13,7,1.5749853852097047,0.8478411875317236,0.6653070812606557,0.011611893879072247,0.015,3.18359375,0.13671875,3.18359375,3.3203125,two_core_entries,escaped,True,False,2,0,0.003053888825771343,0.017269201534084327,-0.007230803611898467,-0.6615976752452918,-0.7498472964559312,0.00418904616307238
13,8,1.5749853852097047,0.8478411875317236,5.952331734321915,0.011764525674985076,0.015,4.82421875,0.13671875,4.82421875,4.9609375,two_core_entries,escaped,True,False,2,0,0.001591321763727057,0.018621032907660512,0.0037588419564402935,-0.6615976752452918,-0.7498472964559312,0.00418904616307238
13,9,1.5749853852097047,0.8478411875317236,1.7314203745374954,0.007172826402101273,0.015,3.0,0.25,3.0,3.25,two_core_entries,escaped,True,False,2,0,0.01076455946485837,0.010466489692791077,-0.0071432689738597475,-0.6615976752452918,-0.7498472964559312,0.00418904616307238
13,10,1.5749853852097047,0.8478411875317236,5.559496145803382,0.0055408201477037825,0.015,4.00390625,0.13671875,4.00390625,4.140625,two_core_entries,escaped,True,False,2,0,0.006820654933737187,0.01400628678736282,0.0036060067407358547,-0.6615976752452918,-0.7498472964559312,0.00418904616307238
13,11,1.5749853852097047,0.8478411875317236,3.3029795146541376,0.013135651300044555,0.015,5.703125,0.234375,5.703125,5.9375,bounded_core_residence,escaped,True,False,1,0,0.019651639393599308,0.0026766779348814645,0.002047876815928317,-0.6615976752452918,-0.7498472964559312,0.00418904616307238
13,12,1.5749853852097047,0.8478411875317236,4.048799249540882,0.0051598132840242165,0.015,4.140625,0.13671875,4.140625,4.27734375,bounded_core_residence,escaped,True,False,1,0,0.01231840177076122,0.009157782453695513,0.004001958454417806,-0.6615976752452918,-0.7498472964559312,0.00418904616307238
13,13,1.5749853852097047,0.8478411875317236,6.235227221573361,0.014915830869775017,0.015,6.640625,0.234375,6.640625,6.875,two_core_entries,escaped,True,False,2,0,-0.0012458868682551985,0.02110697485217914,0.0006522185498128298,-0.6615976752452918,-0.7498472964559312,0.00418904616307238
13,14,1.5749853852097047,0.8478411875317236,0.34597252563901937,0.014833041345357284,0.015,3.18359375,0.13671875,3.18359375,3.3203125,bounded_core_residence,escaped,True,False,1,0,-0.0005535309566007673,0.020464007382484686,-0.005092849976464599,-0.6615976752452918,-0.7498472964559312,0.00418904616307238
13,15,1.5749853852097047,0.8478411875317236,5.329933033354802,0.011515435609297065,0.015,2.5,0.13671875,2.5,2.63671875,bounded_core_residence,escaped,True,False,1,0,0.004950083301951991,0.015688663589868777,0.009325651041054914,-0.6615976752452918,-0.7498472964559312,0.00418904616307238
13,16,1.5749853852097047,0.8478411875317236,6.082851608241615,0.0005167315725474885,0.015,4.55078125,0.13671875,4.55078125,4.6875,two_core_entries,escaped,True,True,2,1,0.009544526317274676,0.011583066502786066,3.999111093553813e-05,-0.6615976752452918,-0.7498472964559312,0.00418904616307238
13,17,1.5749853852097047,0.8478411875317236,2.424057902482386,0.014749037584813943,0.015,1.75,0.25,1.75,2.0,bounded_core_residence,escaped,True,False,1,0,0.018229728040360396,0.0038652755100486583,-0.009760674694106455,-0.6615976752452918,-0.7498472964559312,0.00418904616307238
13,18,1.5749853852097047,0.8478411875317236,5.450277468706074,0.01454546795197599,0.015,2.275390625,0.146484375,2.275390625,2.421875,two_core_entries,escaped,True,False,2,0,0.0026163737539292705,0.017755391534506684,0.01069912602870342,-0.6615976752452918,-0.7498472964559312,0.00418904616307238
13,19,1.5749853852097047,0.8478411875317236,2.061524775004991,0.013725065602135053,0.015,0.0,2.75,0.0,2.75,escaped,escaped,False,False,0,0,0.014740613371752944,0.006930306696771231,-0.012168097316182876,-0.6615976752452918,-0.7498472964559312,0.00418904616307238
13,20,1.5749853852097047,0.8478411875317236,1.0725483475879138,0.005641375166412055,0.015,3.59375,0.13671875,3.59375,3.73046875,two_core_entries,escaped,True,False,2,0,0.007888668961666958,0.01301578751866926,-0.005018295632014569,-0.6615976752452918,-0.7498472964559312,0.00418904616307238
13,21,1.5749853852097047,0.8478411875317236,0.13588214008772673,0.01359960468140798,0.015,6.171875,0.234375,6.171875,6.40625,two_core_entries,escaped,True,False,2,0,-0.00018485663228011776,0.02015653095704833,-0.0019050814401563633,-0.6615976752452918,-0.7498472964559312,0.00418904616307238
13,22,1.5749853852097047,0.8478411875317236,3.3225059972258464,0.007275586463455812,0.015,6.640625,0.234375,6.640625,6.875,bounded_core_residence,escaped,True,False,1,0,0.015294182842575898,0.006516826487635811,0.0012462351684681132,-0.6615976752452918,-0.7498472964559312,0.00418904616307238
13,23,1.5749853852097047,0.8478411875317236,0.3876557259256137,0.014901492063464812,0.015,2.63671875,0.13671875,2.63671875,2.7734375,bounded_core_residence,escaped,True,False,1,0,-0.000436457141617606,0.020357343401927283,-0.005695835364285335,-0.6615976752452918,-0.7498472964559312,0.00418904616307238
13,24,1.5749853852097047,0.8478411875317236,3.6262079809619165,0.014850390481933033,0.015,2.421875,0.146484375,2.421875,2.568359375,bounded_core_residence,escaped,True,False,1,0,0.01979654206470694,0.0025756864034395723,0.006855425537288855,-0.6615976752452918,-0.7498472964559312,0.00418904616307238
14,0,1.9721822061143506,3.7867450797705056,4.63183347196351,0.010147569239851538,0.015,2.7734375,0.13671875,2.7734375,2.91015625,two_core_entries,escaped,True,False,2,0,-0.014681036961316772,-0.01002673891535328,0.0034503364968321674,0.7355032917990922,0.553527557210394,0.39069444731323416
14,1,1.9721822061143506,3.7867450797705056,5.483522455165221,0.014716414732943961,0.015,1.689453125,0.146484375,1.689453125,1.8359375,bounded_core_residence,escaped,True,False,1,0,-0.008159508640835027,-0.018977355585831062,0.0038542517173992714,0.7355032917990922,0.553527557210394,0.39069444731323416
14,2,1.9721822061143506,3.7867450797705056,2.0737430295702644,0.014786061936114803,0.015,2.275390625,0.146484375,2.275390625,2.421875,bounded_core_residence,escaped,True,False,1,0,-0.01127402047578793,0.00043519534892104417,-0.017785800372724727,0.7355032917990922,0.553527557210394,0.39069444731323416
14,3,1.9721822061143506,3.7867450797705056,2.178548090898473,0.010241962769024166,0.015,2.7734375,0.13671875,2.7734375,2.91015625,bounded_core_residence,escaped,True,False,1,0,-0.011924609149647642,-0.001654688935596716,-0.013600128768384168,0.7355032917990922,0.553527557210394,0.39069444731323416
14,4,1.9721822061143506,3.7867450797705056,2.4276454289645626,0.013426140168161684,0.015,0.0,3.5,0.0,3.5,escaped,escaped,False,False,0,0,-0.014389797400967783,0.001870284724385711,-0.013953386887202511,0.7355032917990922,0.553527557210394,0.39069444731323416
14,5,1.9721822061143506,3.7867450797705056,4.074691183865296,0.005140074479589116,0.015,3.73046875,0.13671875,3.73046875,3.8671875,two_core_entries,escaped,True,False,2,0,-0.01416188605863834,-0.006828089980192749,-0.0020587705409442214,0.7355032917990922,0.553527557210394,0.39069444731323416
14,6,1.9721822061143506,3.7867450797705056,1.223135688141658,0.01282239146769188,0.015,3.046875,0.13671875,3.046875,3.18359375,two_core_entries,escaped,True,False,2,0,-0.00464236764812396,-0.008961273021685773,-0.016957527278503675,0.7355032917990922,0.553527557210394,0.39069444731323416
14,7,1.9721822061143506,3.7867450797705056,3.591500524997589,0.004757718322432681,0.015,3.73046875,0.13671875,3.73046875,3.8671875,two_core_entries,escaped,True,False,2,0,-0.014254655100541153,-0.005365838144960475,-0.0039558150364134605,0.7355032917990922,0.553527557210394,0.39069444731323416
14,8,1.9721822061143506,3.7867450797705056,2.203316338237524,0.014016829581856334,0.015,2.25,0.25,2.25,2.5,bounded_core_residence,escaped,True,False,1,0,-0.012486260997931403,0.0009739771218132166,-0.016267026968211626,0.7355032917990922,0.553527557210394,0.39069444731323416
14,9,1.9721822061143506,3.7867450797705056,5.696580311243911,0.009480225828554782,0.015,2.7734375,0.13671875,2.7734375,2.91015625,two_core_entries,escaped,True,False,2,0,-0.007923055424998202,-0.01584421961053175,-0.0010298443698175353,0.7355032917990922,0.553527557210394,0.39069444731323416
14,10,1.9721822061143506,3.7867450797705056,3.4323421729592636,0.007935880846545807,0.015,3.45703125,0.13671875,3.45703125,3.59375,bounded_core_residence,escaped,True,False,1,0,-0.016314447219149077,-0.0027626765934971554,-0.0037662494319832956,0.7355032917990922,0.553527557210394,0.39069444731323416
14,11,1.9721822061143506,3.7867450797705056,0.6760155298933846,0.014840774918791086,0.015,0.0,3.5,0.0,3.5,escaped,escaped,False,False,0,0,-0.0011724363175712738,-0.01537141058814994,-0.014408113332493271,0.7355032917990922,0.553527557210394,0.39069444731323416
14,12,1.9721822061143506,3.7867450797705056,0.23091401674934775,0.010129063482576176,0.015,3.45703125,0.13671875,3.45703125,3.59375,two_core_entries,escaped,True,False,2,0,-0.004379731457724772,-0.015636681041409077,-0.007994378362418947,0.7355032917990922,0.553527557210394,0.39069444731323416
14,13,1.9721822061143506,3.7867450797705056,3.2357707516810277,0.00874626147384705,0.015,3.59375,0.13671875,3.59375,3.73046875,two_core_entries,escaped,True,False,2,0,-0.016525301709405436,-0.001538777507546038,-0.005103298635617291,0.7355032917990922,0.553527557210394,0.39069444731323416
14,14,1.9721822061143506,3.7867450797705056,5.74204680243836,0.014084600229007782,0.015,2.12890625,0.146484375,2.12890625,2.275390625,bounded_core_residence,escaped,True,False,1,0,-0.006038097753664111,-0.019653194601079185,0.0008180960214268593,0.7355032917990922,0.553527557210394,0.39069444731323416
14,15,1.9721822061143506,3.7867450797705056,4.555709784727713,0.011012266897874634,0.015,2.63671875,0.13671875,2.63671875,2.7734375,two_core_entries,escaped,True,False,2,0,-0.015461392780727482,-0.009485392759810422,0.004152430577653231,0.7355032917990922,0.553527557210394,0.39069444731323416
14,16,1.9721822061143506,3.7867450797705056,1.2439645695105144,0.002520532154198294,0.015,3.5,0.25,3.5,3.75,two_core_entries,escaped,True,True,2,1,-0.009800781680259961,-0.008388663643711214,-0.008057796415205952,0.7355032917990922,0.553527557210394,0.39069444731323416
14,17,1.9721822061143506,3.7867450797705056,4.219229175253806,0.008904381687244249,0.015,2.91015625,0.13671875,2.91015625,3.046875,bounded_core_residence,escaped,True,False,1,0,-0.0160158194061723,-0.006777402092412159,0.0013595450925852773,0.7355032917990922,0.553527557210394,0.39069444731323416
14,18,1.9721822061143506,3.7867450797705056,3.4765240884042377,0.010711064310681914,0.015,3.3203125,0.13671875,3.3203125,3.45703125,two_core_entries,escaped,True,False,2,0,-0.018214506457497885,-0.0010473865026254707,-0.0026194722162011224,0.7355032917990922,0.553527557210394,0.39069444731323416
14,19,1.9721822061143506,3.7867450797705056,3.899284125566139,0.012646519631657095,0.015,2.12890625,0.146484375,2.12890625,2.275390625,two_core_entries,escaped,True,False,2,0,-0.019269860749653984,-0.0030044949366842474,0.0021400784233928764,0.7355032917990922,0.553527557210394,0.39069444731323416
14,20,1.9721822061143506,3.7867450797705056,5.263640394534646,0.012007790759959057,0.015,2.5,0.13671875,2.5,2.63671875,bounded_core_residence,escaped,True,False,1,0,-0.010443961359757345,-0.015731116624871984,0.0035556546212378217,0.7355032917990922,0.553527557210394,0.39069444731323416
14,21,1.9721822061143506,3.7867450797705056,5.224161080178648,0.007200750989712608,0.015,3.73046875,0.13671875,3.73046875,3.8671875,two_core_entries,escaped,True,False,2,0,-0.010871915477945077,-0.012595462311866501,-8.122688357893593e-05,0.7355032917990922,0.553527557210394,0.39069444731323416
14,22,1.9721822061143506,3.7867450797705056,2.022064243455264,0.01430378449084026,0.015,2.5,0.13671875,2.5,2.63671875,bounded_core_residence,escaped,True,False,1,0,-0.010765375749658431,-0.00029468975667907085,-0.017709265757686762,0.7355032917990922,0.553527557210394,0.39069444731323416
14,23,1.9721822061143506,3.7867450797705056,0.8484747282845048,0.01211615107802837,0.015,3.25,0.25,3.25,3.5,bounded_core_residence,escaped,True,False,1,0,-0.003378037340550967,-0.012567597428349992,-0.014228333547903003,0.7355032917990922,0.553527557210394,0.39069444731323416
14,24,1.9721822061143506,3.7867450797705056,2.793067440286241,0.014273842717576538,0.015,3.25,0.25,3.25,3.5,bounded_core_residence,escaped,True,False,1,0,-0.017577936222727117,0.003561532426253934,-0.01034766789439014,0.7355032917990922,0.553527557210394,0.39069444731323416
15,0,2.50521671964537,4.9292326149785515,2.3882596333107875,0.010891168458407232,0.015,2.275390625,0.146484375,2.275390625,2.421875,two_core_entries,escaped,True,False,2,0,-0.0071293939426143906,-0.004563017228576606,-0.016491457369563516,-0.12785930976233933,0.5803673624440244,0.8042547615755001
15,1,2.50521671964537,4.9292326149785515,3.30123764334376,0.009657960508324709,0.015,4.25,0.25,4.25,4.5,two_core_entries,escaped,True,False,2,0,-0.0071282985044906055,-0.011962839625450378,-0.011151413798572398,-0.12785930976233933,0.5803673624440244,0.8042547615755001
15,2,2.50521671964537,4.9292326149785515,3.73063925218619,0.009961275133301932,0.015,4.27734375,0.13671875,4.27734375,4.4140625,two_core_entries,escaped,True,False,2,0,-0.005213054551159516,-0.014834127785040094,-0.008774948283897514,-0.12785930976233933,0.5803673624440244,0.8042547615755001
15,3,2.50521671964537,4.9292326149785515,4.8170322846788585,0.013535565378761232,0.015,5.0,0.234375,5.0,5.234375,two_core_entries,escaped,True,False,2,0,0.005627904078543639,-0.01897428257606587,-0.004063843812086621,-0.12785930976233933,0.5803673624440244,0.8042547615755001
15,4,2.50521671964537,4.9292326149785515,3.995576994590729,0.01038511994874247,0.015,4.6875,0.13671875,4.6875,4.82421875,two_core_entries,escaped,True,False,2,0,-0.0033904422303237085,-0.01632279409579298,-0.007410938586910039,-0.12785930976233933,0.5803673624440244,0.8042547615755001
15,5,2.50521671964537,4.9292326149785515,5.743292881527042,0.011434092760277717,0.015,0.0,3.25,0.0,3.25,escaped,escaped,False,False,0,0,0.012512987516244767,-0.01121179406377086,-0.008570839780355853,-0.12785930976233933,0.5803673624440244,0.8042547615755001
15,6,2.50521671964537,4.9292326149785515,0.7493931515996647,0.01104344747104869,0.015,2.5,0.13671875,2.5,2.63671875,two_core_entries,escaped,True,False,2,0,0.008511796734951062,-0.0010575411438343328,-0.01653446869777755,-0.12785930976233933,0.5803673624440244,0.8042547615755001
15,7,2.50521671964537,4.9292326149785515,6.108451571328468,0.012319620181123666,0.015,0.0,3.25,0.0,3.25,escaped,escaped,False,False,0,0,0.014136391848731795,-0.0077774728955387045,-0.010791032493020285,-0.12785930976233933,0.5803673624440244,0.8042547615755001
15,8,2.50521671964537,4.9292326149785515,3.4246686232526895,0.009866849546010548,0.015,4.75,0.25,4.75,5.0,two_core_entries,escaped,True,False,2,0,-0.006857529007903155,-0.01290841006438036,-0.010426023473941497,-0.12785930976233933,0.5803673624440244,0.8042547615755001
15,9,2.50521671964537,4.9292326149785515,5.3452406494246105,0.009183974008757593,0.015,6.25,0.25,6.25,6.5,two_core_entries,escaped,True,False,2,0,0.008503907504818484,-0.01335324728494066,-0.00766287952993206,-0.12785930976233933,0.5803673624440244,0.8042547615755001
15,10,2.50521671964537,4.9292326149785515,5.379172424644667,0.010823167080678122,0.015,0.0,6.25,0.0,6.25,escaped,escaped,False,False,0,0,0.009926500715726564,-0.013945374843657196,-0.007009425772975102,-0.12785930976233933,0.5803673624440244,0.8042547615755001
15,11,2.50521671964537,4.9292326149785515,2.4353334634298034,0.013609415468479364,0.015,2.275390625,0.146484375,2.275390625,2.421875,two_core_entries,escaped,True,False,2,0,-0.009721915961599518,-0.003995999330086802,-0.017312785124965528,-0.12785930976233933,0.5803673624440244,0.8042547615755001
15,12,2.50521671964537,4.9292326149785515,0.9722550235307363,0.014564439027034838,0.015,5.0,0.234375,5.0,5.234375,bounded_core_residence,escaped,True,False,1,0,0.007849833261738853,0.00251062529434805,-0.019214571620686568,-0.12785930976233933,0.5803673624440244,0.8042547615755001
15,13,2.50521671964537,4.9292326149785515,0.6461590399126499,0.00817449272316242,0.015,2.91015625,0.13671875,2.91015625,3.046875,two_core_entries,escaped,True,False,2,0,0.007439898311921298,-0.0034354522808376555,-0.014988926312961623,-0.12785930976233933,0.5803673624440244,0.8042547615755001
15,14,2.50521671964537,4.9292326149785515,1.958934514101337,0.012804175346187989,0.015,2.5,0.13671875,2.5,2.63671875,two_core_entries,escaped,True,False,2,0,-0.004865321148854432,-0.0004395094338913424,-0.019107129242038393,-0.12785930976233933,0.5803673624440244,0.8042547615755001
15,15,2.50521671964537,4.9292326149785515,0.8300514401701145,0.014402592260244602,0.015,3.046875,0.13671875,3.046875,3.18359375,bounded_core_residence,escaped,True,False,1,0,0.009570574750592536,0.0017335413455433178,-0.01838025019311408,-0.12785930976233933,0.5803673624440244,0.8042547615755001
15,16,2.50521671964537,4.9292326149785515,4.550313887621,0.014390630679155475,0.015,4.6875,0.13671875,4.6875,4.82421875,bounded_core_residence,escaped,True,False,1,0,0.0021075415414278332,-0.020359686002840906,-0.003623769565070439,-0.12785930976233933,0.5803673624440244,0.8042547615755001
15,17,2.50521671964537,4.9292326149785515,1.6603713980537573,0.013919237649667508,0.015,3.59375,0.13671875,3.59375,3.73046875,two_core_entries,escaped,True,False,2,0,-0.0016969460846476827,0.0019152186946765608,-0.02030264731716733,-0.12785930976233933,0.5803673624440244,0.8042547615755001
15,18,2.50521671964537,4.9292326149785515,0.8008381406369965,0.010476218308258296,0.015,2.5,0.13671875,2.5,2.63671875,two_core_entries,escaped,True,False,2,0,0.007738218963957192,-0.0012291545835322708,-0.016533611109431638,-0.12785930976233933,0.5803673624440244,0.8042547615755001
15,19,2.50521671964537,4.9292326149785515,2.2977124841804475,0.014677421573719276,0.015,1.689453125,0.146484375,1.689453125,1.8359375,bounded_core_residence,escaped,True,False,1,0,-0.009505561509948333,-0.002190103754047684,-0.018581562097406534,-0.12785930976233933,0.5803673624440244,0.8042547615755001
15,20,2.50521671964537,4.9292326149785515,5.422645234539225,0.006641253257914474,0.015,7.25,0.25,7.25,7.5,two_core_entries,escaped,True,False,2,0,0.007018053263776467,-0.011728734122503425,-0.009071381874123695,-0.12785930976233933,0.5803673624440244,0.8042547615755001
15,21,2.50521671964537,4.9292326149785515,1.3680234821714858,0.014654471243710714,0.015,5.9375,0.234375,5.9375,6.171875,two_core_entries,escaped,True,False,2,0,0.0023162140119426843,0.003203538999223066,-0.02059432004131434,-0.12785930976233933,0.5803673624440244,0.8042547615755001
15,22,2.50521671964537,4.9292326149785515,6.09802285035936,0.009459076127694517,0.015,3.25,0.25,3.25,3.5,bounded_core_residence,escaped,True,False,1,0,0.011298878253646814,-0.00807298356835466,-0.011028889685905062,-0.12785930976233933,0.5803673624440244,0.8042547615755001
15,23,2.50521671964537,4.9292326149785515,0.6052920200556544,0.011794386360328571,0.015,2.63671875,0.13671875,2.63671875,2.7734375,two_core_entries,escaped,True,False,2,0,0.010228465235675064,-0.001347818125704182,-0.016052085062050806,-0.12785930976233933,0.5803673624440244,0.8042547615755001
15,24,2.50521671964537,4.9292326149785515,5.030104844989889,0.006426846735297239,0.015,7.578125,0.234375,7.578125,7.8125,two_core_entries,escaped,True,False,2,0,0.004935008526996611,-0.013068692253359195,-0.008435599124215237,-0.12785930976233933,0.5803673624440244,0.8042547615755001
16,0,1.3334275639590663,0.18343533882176807,2.7355249428549384,0.011725052378325903,0.015000000000000001,2.7734375,0.13671875,2.7734375,2.91015625,bounded_core_residence,escaped,True,False,1,0,0.017370409861099955,-0.007732811606059613,-0.0009743403907655187,-0.9556533548510256,-0.177293628360659,-0.2351459859421203
16,1,1.3334275639590663,0.18343533882176807,0.8792058327242012,0.008058227222411535,0.015000000000000001,6.875,0.234375,6.875,7.109375,two_core_entries,escaped,True,False,2,0,0.014832357037591797,0.007978644024371432,-0.0025054840270449736,-0.9556533548510256,-0.177293628360659,-0.2351459859421203
16,2,1.3334275639590663,0.18343533882176807,1.1764742316526846,0.01237816456428326,0.015000000000000001,4.25,0.25,4.25,4.5,two_core_entries,escaped,True,False,2,0,0.01610957947566441,0.007825280503581684,-0.0075805931257385255,-0.9556533548510256,-0.177293628360659,-0.2351459859421203
16,3,1.3334275639590663,0.18343533882176807,5.497708359808441,0.012239663612569281,0.015000000000000001,6.5,0.25,6.5,6.75,two_core_entries,escaped,True,False,2,0,0.010755082712443291,0.010797027339786066,0.011939923024093085,-0.9556533548510256,-0.177293628360659,-0.2351459859421203
16,4,1.3334275639590663,0.18343533882176807,4.1054937892308905,0.010187167449866003,0.015000000000000001,2.75,0.25,2.75,3.0,two_core_entries,escaped,True,False,2,0,0.013459900145332968,-0.003411989119483484,0.011660523100521746,-0.9556533548510256,-0.177293628360659,-0.2351459859421203
16,5,1.3334275639590663,0.18343533882176807,2.455511053132659,0.004252897957644608,0.015000000000000001,6.171875,0.234375,6.171875,6.40625,two_core_entries,escaped,True,False,2,0,0.01555794968155627,-0.0004604379526342616,0.0009084820504967786,-0.9556533548510256,-0.177293628360659,-0.2351459859421203
16,6,1.3334275639590663,0.18343533882176807,3.2926813682871656,0.007612138878486793,0.015000000000000001,6.171875,0.234375,6.171875,6.40625,two_core_entries,escaped,True,False,2,0,0.015442604156597388,-0.004788904056202487,0.0046408009123963265,-0.9556533548510256,-0.177293628360659,-0.2351459859421203
16,7,1.3334275639590663,0.18343533882176807,1.2310000865744508,0.005424377537622327,0.015000000000000001,8.984375,0.234375,8.984375,9.21875,two_core_entries,escaped,True,False,2,0,0.015187434651096636,0.004656352982271584,-0.0014436333654433775,-0.9556533548510256,-0.177293628360659,-0.2351459859421203
16,8,1.3334275639590663,0.18343533882176807,5.286998061217702,0.003903035591652718,0.015000000000000001,6.640625,0.234375,6.640625,6.875,two_core_entries,escaped,True,False,2,0,0.013190386112781704,0.0046046147509428495,0.006711551536034196,-0.9556533548510256,-0.177293628360659,-0.2351459859421203
16,9,1.3334275639590663,0.18343533882176807,0.68781567512649,0.01119428288521293,0.015000000000000001,3.5,0.25,3.5,3.75,bounded_core_residence,escaped,True,False,1,0,0.014400210032855512,0.011468212327071863,-0.003380240575020594,-0.9556533548510256,-0.177293628360659,-0.2351459859421203
16,10,1.3334275639590663,0.18343533882176807,0.27137337823382995,0.011345366242048304,0.015000000000000001,3.5,0.25,3.5,3.75,two_core_entries,escaped,True,False,2,0,0.01304417012535345,0.0135366389892452,0.0005712843266645015,-0.9556533548510256,-0.177293628360659,-0.2351459859421203
16,11,1.3334275639590663,0.18343533882176807,2.7421717356394626,0.004781227529737293,0.015000000000000001,6.171875,0.234375,6.171875,6.40625,two_core_entries,escaped,True,False,2,0,0.015568169903250655,-0.0015918217131097672,0.001719978542979698,-0.9556533548510256,-0.177293628360659,-0.2351459859421203
16,12,1.3334275639590663,0.18343533882176807,0.25713748214134485,0.012483224487625755,0.015000000000000001,0.0,3.75,0.0,3.75,escaped,escaped,False,False,0,0,0.012866602500562294,0.014665826270336043,0.0004415580474916329,-0.9556533548510256,-0.177293628360659,-0.2351459859421203
16,13,1.3334275639590663,0.18343533882176807,3.086849759687151,0.013764441333049396,0.015000000000000001,3.3203125,0.13671875,3.3203125,3.45703125,two_core_entries,escaped,True,False,2,0,0.017015912286745555,-0.010821531862713212,0.0027951784209640325,-0.9556533548510256,-0.177293628360659,-0.2351459859421203
16,14,1.3334275639590663,0.18343533882176807,0.9188758985714818,0.014958404059057878,0.015000000000000001,0.0,3.0,0.0,3.0,escaped,escaped,False,False,0,0,0.015428506999568546,0.01209264322263,-0.008030130985761335,-0.9556533548510256,-0.177293628360659,-0.2351459859421203
16,15,1.3334275639590663,0.18343533882176807,0.6116164623548139,0.006649763999601371,0.015000000000000001,5.46875,0.234375,5.46875,5.703125,bounded_core_residence,escaped,True,False,1,0,0.014224494691702293,0.008176139748688385,-0.000183985939803899,-0.9556533548510256,-0.177293628360659,-0.2351459859421203
16,16,1.3334275639590663,0.18343533882176807,5.866450515919952,0.012627547944760417,0.015000000000000001,4.5,0.25,4.5,4.75,bounded_core_residence,escaped,True,False,1,0,0.01104681670770518,0.01379326863892424,0.008495207353446863,-0.9556533548510256,-0.177293628360659,-0.2351459859421203
16,17,1.3334275639590663,0.18343533882176807,5.194056636317157,0.011442596325288832,0.015000000000000001,5.5,0.25,5.5,5.75,two_core_entries,escaped,True,False,2,0,0.011023338350777758,0.007436381383605769,0.013383544156364087,-0.9556533548510256,-0.177293628360659,-0.2351459859421203
16,18,1.3334275639590663,0.18343533882176807,2.2235508382047766,0.013254557183252962,0.015000000000000001,2.12890625,0.146484375,2.12890625,2.275390625,two_core_entries,escaped,True,False,2,0,0.01823773473172704,-0.004804401302339086,-0.006707163789960896,-0.9556533548510256,-0.177293628360659,-0.2351459859421203
16,19,1.3334275639590663,0.18343533882176807,0.9179044947074684,0.00636560736051461,0.015000000000000001,7.34375,0.234375,7.34375,7.578125,bounded_core_residence,escaped,True,False,1,0,0.014798467251391013,0.006678426263980793,-0.0013874244895910716,-0.9556533548510256,-0.177293628360659,-0.2351459859421203
16,20,1.3334275639590663,0.18343533882176807,1.404895028683975,0.014466473154264223,0.015000000000000001,2.75,0.25,2.75,3.0,two_core_entries,escaped,True,False,2,0,0.0171977637571726,0.005620321050431588,-0.010340587921661112,-0.9556533548510256,-0.177293628360659,-0.2351459859421203
16,21,1.3334275639590663,0.18343533882176807,0.044441542571471274,0.008501621245708827,0.015000000000000001,4.140625,0.13671875,4.140625,4.27734375,bounded_core_residence,escaped,True,False,1,0,0.012872889584905768,0.011026340003997052,0.0031600796914898477,-0.9556533548510256,-0.177293628360659,-0.2351459859421203
16,22,1.3334275639590663,0.18343533882176807,0.038560421897435304,0.008196919746023906,0.015000000000000001,4.140625,0.13671875,4.140625,4.27734375,bounded_core_residence,escaped,True,False,1,0,0.012913784314514778,0.010726366257930766,0.0032200520029454496,-0.9556533548510256,-0.177293628360659,-0.2351459859421203
16,23,1.3334275639590663,0.18343533882176807,1.40484136873105,0.012098647582801976,0.015000000000000001,5.234375,0.234375,5.234375,5.46875,two_core_entries,escaped,True,False,2,0,0.016729021568255332,0.005136312741246603,-0.008070650663099964,-0.9556533548510256,-0.177293628360659,-0.2351459859421203
16,24,1.3334275639590663,0.18343533882176807,2.4758794698316837,0.007876355997776814,0.015000000000000001,5.9375,0.234375,5.9375,6.171875,two_core_entries,escaped,True,False,2,0,0.01658944054095532,-0.0032225822507070926,-0.0012010037382333338,-0.9556533548510256,-0.177293628360659,-0.2351459859421203
17,0,1.5067573644913637,1.5200024978091426,4.028762621856997,0.012775076293332906,0.015000000000000001,7.75,0.25,7.75,8.0,two_core_entries,escaped,True,False,2,0,0.008786279845842845,0.013907261564698714,0.010843981581599361,-0.05066791824076732,-0.9966631207884866,-0.06399520076772287
17,1,1.5067573644913637,1.5200024978091426,0.058690057714757944,0.011901389464452029,0.015000000000000001,4.9609375,0.13671875,4.9609375,5.09765625,two_core_entries,escaped,True,False,2,0,-0.011103287912304652,0.015597780591882679,0.00026326664909799157,-0.05066791824076732,-0.9966631207884866,-0.06399520076772287
17,2,1.5067573644913637,1.5200024978091426,5.597626717093654,0.011635499984139583,0.015000000000000001,6.171875,0.234375,6.171875,6.40625,bounded_core_residence,escaped,True,False,1,0,-0.008258939424003433,0.014936419242035672,0.008311327192314153,-0.05066791824076732,-0.9966631207884866,-0.06399520076772287
17,3,1.5067573644913637,1.5200024978091426,1.5376880911634179,0.003670419640506116,0.015000000000000001,17.1875,0.15625,17.1875,17.34375,two_core_entries,escaped,True,False,2,0,0.0006505958144288821,0.01519057329226881,-0.0027009606579641637,-0.05066791824076732,-0.9966631207884866,-0.06399520076772287
17,4,1.5067573644913637,1.5200024978091426,5.7458790502952235,0.00867464260443398,0.015000000000000001,13.28125,0.15625,13.28125,13.4375,bounded_core_residence,escaped,True,False,1,0,-0.0066970989041511345,0.015044550037890967,0.0053907146780435115,-0.05066791824076732,-0.9966631207884866,-0.06399520076772287
17,5,1.5067573644913637,1.5200024978091426,3.60596625763247,0.00950926402758054,0.015000000000000001,16.40625,0.15625,16.40625,16.5625,two_core_entries,escaped,True,False,2,0,0.009237470132603839,0.01424607623415743,0.00521004412899394,-0.05066791824076732,-0.9966631207884866,-0.06399520076772287
17,6,1.5067573644913637,1.5200024978091426,4.8464081882387005,0.001786182874215181,0.015000000000000001,17.96875,0.15625,17.96875,18.125,two_core_entries,escaped,True,True,2,1,0.0005159081715504111,0.014848928382983973,0.00272646545836915,-0.05066791824076732,-0.9966631207884866,-0.06399520076772287
17,7,1.5067573644913637,1.5200024978091426,5.1554850768762375,0.014237314835849066,0.015000000000000001,2.0,0.25,2.0,2.25,bounded_core_residence,escaped,True,False,1,0,-0.005377987321950803,0.014437793373107648,0.013795959865680722,-0.05066791824076732,-0.9966631207884866,-0.06399520076772287
17,8,1.5067573644913637,1.5200024978091426,5.863465938841171,0.014360111379913673,0.015000000000000001,0.0,6.75,0.0,6.75,escaped,escaped,False,False,0,0,-0.01235578317796063,0.015241751054017483,0.006799738650132691,-0.05066791824076732,-0.9966631207884866,-0.06399520076772287
17,9,1.5067573644913637,1.5200024978091426,4.8213840712657206,0.013087611644986508,0.015000000000000001,2.7734375,0.13671875,2.7734375,2.91015625,two_core_entries,escaped,True,False,2,0,-0.0007040792135030238,0.014190728520613533,0.013943208923534962,-0.05066791824076732,-0.9966631207884866,-0.06399520076772287
17,10,1.5067573644913637,1.5200024978091426,1.7982198081444538,0.01117943092528714,0.015000000000000001,6.5,0.25,6.5,6.75,two_core_entries,escaped,True,False,2,0,0.003312761408665161,0.015518079725054963,-0.009909313261238813,-0.05066791824076732,-0.9966631207884866,-0.06399520076772287
17,11,1.5067573644913637,1.5200024978091426,0.09412201882585339,0.014313863211503568,0.015000000000000001,0.0,4.5,0.0,4.5,escaped,escaped,False,False,0,0,-0.013467738030519632,0.015759452658338096,-0.00038257585983804453,-0.05066791824076732,-0.9966631207884866,-0.06399520076772287
17,12,1.5067573644913637,1.5200024978091426,4.664218857857695,0.012733159488662662,0.015000000000000001,8.2421875,0.13671875,8.2421875,8.37890625,two_core_entries,escaped,True,False,2,0,0.0013310245623457085,0.014105951290926197,0.01365224752032316,-0.05066791824076732,-0.9966631207884866,-0.06399520076772287
17,13,1.5067573644913637,1.5200024978091426,4.722238286930014,0.014467508397089051,0.015000000000000001,2.7734375,0.13671875,2.7734375,2.91015625,two_core_entries,escaped,True,False,2,0,0.0005707049059279982,0.014032569288134726,0.015397080707195438,-0.05066791824076732,-0.9966631207884866,-0.06399520076772287
17,14,1.5067573644913637,1.5200024978091426,5.15288039201572,0.0148979324345032,0.015000000000000001,1.75,0.25,1.75,2.0,two_core_entries,escaped,True,False,2,0,-0.005627813974734217,0.014411187825287775,0.014408114593973986,-0.05066791824076732,-0.9966631207884866,-0.06399520076772287
17,15,1.5067573644913637,1.5200024978091426,0.008016104792494068,0.013366529625546178,0.015000000000000001,0.0,5.0,0.0,5.0,escaped,escaped,False,False,0,0,-0.012588494615663427,0.015635418329875955,0.0008530012847561811,-0.05066791824076732,-0.9966631207884866,-0.06399520076772287
17,16,1.5067573644913637,1.5200024978091426,4.837558725366948,0.013913555393832005,0.015000000000000001,2.63671875,0.13671875,2.63671875,2.7734375,two_core_entries,escaped,True,False,2,0,-0.0010196068029551617,0.014155843054105584,0.014736333773775957,-0.05066791824076732,-0.9966631207884866,-0.06399520076772287
17,17,1.5067573644913637,1.5200024978091426,1.9882798891328393,0.014830680875150132,0.015000000000000001,0.0,2.25,0.0,2.25,escaped,escaped,False,False,0,0,0.006809581010986418,0.015511099127114536,-0.01256918873850591,-0.05066791824076732,-0.9966631207884866,-0.06399520076772287
17,18,1.5067573644913637,1.5200024978091426,4.80729676842053,0.011482098237108452,0.015000000000000001,7.8125,0.234375,7.8125,8.046875,two_core_entries,escaped,True,False,2,0,-0.00036382249756733334,0.014274643193443666,0.01236692260898989,-0.05066791824076732,-0.9966631207884866,-0.06399520076772287
17,19,1.5067573644913637,1.5200024978091426,4.581681429258156,0.008965605179733474,0.015000000000000001,7.578125,0.234375,7.578125,7.8125,two_core_entries,escaped,True,False,2,0,0.0018981677887899232,0.01432248994857615,0.009830835008146523,-0.05066791824076732,-0.9966631207884866,-0.06399520076772287
17,20,1.5067573644913637,1.5200024978091426,3.427611869893747,0.014797675977562125,0.015000000000000001,0.0,7.25,0.0,7.25,escaped,escaped,False,False,0,0,0.014924658406861552,0.013962329448443268,0.005126318576576171,-0.05066791824076732,-0.9966631207884866,-0.06399520076772287
17,21,1.5067573644913637,1.5200024978091426,4.862462450939901,0.01309415187119148,0.015000000000000001,2.63671875,0.13671875,2.63671875,2.7734375,two_core_entries,escaped,True,False,2,0,-0.0012372399714389937,0.0142218683339274,0.01388036424490849,-0.05066791824076732,-0.9966631207884866,-0.06399520076772287
17,22,1.5067573644913637,1.5200024978091426,5.425578636710714,0.0038699591711912995,0.015000000000000001,15.78125,0.15625,15.78125,15.9375,two_core_entries,escaped,True,False,2,0,-0.001778143616899677,0.01489143977543802,0.003880697189793225,-0.05066791824076732,-0.9966631207884866,-0.06399520076772287
17,23,1.5067573644913637,1.5200024978091426,0.7008503952798794,0.014822835301776098,0.015000000000000001,0.0,1.25,0.0,1.25,escaped,escaped,False,False,0,0,-0.010523317006362267,0.016136069426235,-0.008579248745601823,-0.05066791824076732,-0.9966631207884866,-0.06399520076772287
17,24,1.5067573644913637,1.5200024978091426,1.267136795281496,0.005843195684776515,0.015000000000000001,18.125,0.15625,18.125,18.28125,two_core_entries,escaped,True,False,2,0,-0.0009668100168557431,0.015395023749539672,-0.004604504094146051,-0.05066791824076732,-0.9966631207884866,-0.06399520076772287
18,0,2.2532964958714485,0.8335958515952818,0.7147945813578436,0.002744595034780583,0.015,3.73046875,0.13671875,3.73046875,3.8671875,two_core_entries,escaped,True,True,2,1,0.005527246298710478,0.009170999390112337,-0.010857030922167103,-0.5216398897791504,-0.5745128664957437,0.63073512001635
18,1,2.2532964958714485,0.8335958515952818,1.3399389427271473,0.0017265620522587863,0.015,3.73046875,0.13671875,3.73046875,3.8671875,two_core_entries,escaped,True,True,2,1,0.006819488696348255,0.008098400445550614,-0.010765291480688482,-0.5216398897791504,-0.5745128664957437,0.63073512001635
18,2,2.2532964958714485,0.8335958515952818,2.326954595072519,0.01487183689405004,0.015,3.046875,0.13671875,3.046875,3.18359375,two_core_entries,escaped,True,False,2,0,0.010792061901050934,-0.003293723903388354,-0.017856492247229325,-0.5216398897791504,-0.5745128664957437,0.63073512001635
18,3,2.2532964958714485,0.8335958515952818,3.1201985876045852,0.006113299853740816,0.015,3.73046875,0.13671875,3.73046875,3.8671875,two_core_entries,escaped,True,False,2,0,0.012294115704763357,0.00444809460777863,-0.009562510575151752,-0.5216398897791504,-0.5745128664957437,0.63073512001635
18,4,2.2532964958714485,0.8335958515952818,0.5946343186209772,0.01231846014356667,0.015,3.25,0.25,3.25,3.5,two_core_entries,escaped,True,False,2,0,-0.0026559071533797905,0.012254551078156144,-0.01481609244619271,-0.5216398897791504,-0.5745128664957437,0.63073512001635
18,5,2.2532964958714485,0.8335958515952818,5.896441017077948,0.010744672966512905,0.015,2.7734375,0.13671875,2.7734375,2.91015625,two_core_entries,escaped,True,False,2,0,0.002175551719539825,0.017199436471643396,-0.0063161979806544526,-0.5216398897791504,-0.5745128664957437,0.63073512001635
18,6,2.2532964958714485,0.8335958515952818,0.4746218892537804,0.01061494006126255,0.015,3.5,0.25,3.5,3.75,two_core_entries,escaped,True,False,2,0,-0.0012223434206892932,0.012699241812330104,-0.013225433318347683,-0.5216398897791504,-0.5745128664957437,0.63073512001635
18,7,2.2532964958714485,0.8335958515952818,2.3715432068877407,0.009803508329085423,0.015,3.59375,0.13671875,3.59375,3.73046875,two_core_entries,escaped,True,False,2,0,0.010141281545921668,0.0006998117300971701,-0.014757149037236638,-0.5216398897791504,-0.5745128664957437,0.63073512001635
18,8,2.2532964958714485,0.8335958515952818,4.111593901982044,0.009483897821492065,0.015,3.046875,0.13671875,3.046875,3.18359375,two_core_entries,escaped,True,False,2,0,0.015110749116234216,0.008666922408519717,-0.0033902853861330845,-0.5216398897791504,-0.5745128664957437,0.63073512001635
18,9,2.2532964958714485,0.8335958515952818,0.5417854404306245,0.011130613904849405,0.015,3.25,0.25,3.25,3.5,bounded_core_residence,escaped,True,False,1,0,-0.0016694266051908227,0.012348117779019941,-0.013915012325691974,-0.5216398897791504,-0.5745128664957437,0.63073512001635
18,10,2.2532964958714485,0.8335958515952818,0.756312943929096,0.014306773656871602,0.015,2.75,0.25,2.75,3.0,two_core_entries,escaped,True,False,2,0,-0.0040424894887795635,0.011028364384035627,-0.017079731561561395,-0.5216398897791504,-0.5745128664957437,0.63073512001635
18,11,2.2532964958714485,0.8335958515952818,2.0300845685012296,0.007904667996309058,0.015,3.046875,0.13671875,3.046875,3.18359375,two_core_entries,escaped,True,False,2,0,0.007414770841401283,0.0029534028527950142,-0.01495935697449861,-0.5216398897791504,-0.5745128664957437,0.63073512001635
18,12,2.2532964958714485,0.8335958515952818,4.637504068020324,0.011268574445007808,0.015,0.0,3.25,0.0,3.25,escaped,escaped,False,False,0,0,0.013213148098018063,0.013298278039527657,-0.000741140031263382,-0.5216398897791504,-0.5745128664957437,0.63073512001635
18,13,2.2532964958714485,0.8335958515952818,6.1436442276826115,0.00738988706106557,0.015,3.3203125,0.13671875,3.3203125,3.45703125,two_core_entries,escaped,True,False,2,0,0.0028424498753418037,0.014016993564641228,-0.008663417390976848,-0.5216398897791504,-0.5745128664957437,0.63073512001635
18,14,2.2532964958714485,0.8335958515952818,3.6369812511223922,0.009232729398740439,0.015,3.18359375,0.13671875,3.18359375,3.3203125,bounded_core_residence,escaped,True,False,1,0,0.015699243028413787,0.005206911397458559,-0.006055174166296397,-0.5216398897791504,-0.5745128664957437,0.63073512001635
18,15,2.2532964958714485,0.8335958515952818,2.6058208313347215,0.002599938177175852,0.015,3.8671875,0.13671875,3.8671875,4.00390625,two_core_entries,escaped,True,False,2,0,0.008916992381317816,0.006495071912180806,-0.010490994531132709,-0.5216398897791504,-0.5745128664957437,0.63073512001635
18,16,2.2532964958714485,0.8335958515952818,4.229327989683197,0.011201211191664905,0.015,2.63671875,0.13671875,2.63671875,2.7734375,two_core_entries,escaped,True,False,2,0,0.015882362789383188,0.009752323392827004,-0.00176348315229109,-0.5216398897791504,-0.5745128664957437,0.63073512001635
18,17,2.2532964958714485,0.8335958515952818,3.612411452829994,0.006315610873401384,0.015,3.59375,0.13671875,3.59375,3.73046875,two_core_entries,escaped,True,False,2,0,0.013206320929028788,0.006171941173609032,-0.007237898201358698,-0.5216398897791504,-0.5745128664957437,0.63073512001635
18,18,2.2532964958714485,0.8335958515952818,5.910043670142749,0.013849175239606902,0.015,2.5,0.13671875,2.5,2.63671875,two_core_entries,escaped,True,False,2,0,0.0004174472718347557,0.019644263877077094,-0.005543310321490459,-0.5216398897791504,-0.5745128664957437,0.63073512001635
18,19,2.2532964958714485,0.8335958515952818,2.1747578049798686,0.0041782957428349,0.015,3.45703125,0.13671875,3.45703125,3.59375,two_core_entries,escaped,True,False,2,0,0.00812321352384788,0.00541664010017439,-0.012129780187033475,-0.5216398897791504,-0.5745128664957437,0.63073512001635
18,20,2.2532964958714485,0.8335958515952818,4.503769620731677,0.012824212753915648,0.015,0.0,3.25,0.0,3.25,escaped,escaped,False,False,0,0,0.015110450473136697,0.012690911007180289,0.00027476729136849225,-0.5216398897791504,-0.5745128664957437,0.63073512001635
18,21,2.2532964958714485,0.8335958515952818,5.125557772980959,0.002516211033605072,0.015,4.0,0.25,4.0,4.25,two_core_entries,escaped,True,False,2,0,0.008053704465469259,0.010372945468884896,-0.007672754697503152,-0.5216398897791504,-0.5745128664957437,0.63073512001635
18,22,2.2532964958714485,0.8335958515952818,5.602620158547306,0.006445493971333608,0.015,3.59375,0.13671875,3.59375,3.73046875,two_core_entries,escaped,True,False,2,0,0.00583534977679415,0.013879085312910447,-0.006313800471500492,-0.5216398897791504,-0.5745128664957437,0.63073512001635
18,23,2.2532964958714485,0.8335958515952818,5.600705411835766,0.011419359723973245,0.015,2.91015625,0.13671875,2.91015625,3.046875,bounded_core_residence,escaped,True,False,1,0,0.004317682038186228,0.01793787220420215,-0.0038719683764641315,-0.5216398897791504,-0.5745128664957437,0.63073512001635
18,24,2.2532964958714485,0.8335958515952818,0.5174380016577326,0.014438935884397182,0.015,0.0,3.5,0.0,3.5,escaped,escaped,False,False,0,0,-0.004494163974296679,0.013717956198345491,-0.015003434186416822,-0.5216398897791504,-0.5745128664957437,0.63073512001635
19,0,1.1632801027093445,2.263861044394796,4.847692982329645,0.00783677536194595,0.015,2.63671875,0.13671875,2.63671875,2.7734375,two_core_entries,escaped,True,True,2,1,-0.007645639628957521,0.007551460114530697,0.013074199511877176,0.5865772498613047,-0.7062928003389347,-0.3963301781779106
19,1,1.1632801027093445,2.263861044394796,1.899233500880291,0.004476692902588601,0.015,4.00390625,0.13671875,4.00390625,4.140625,two_core_entries,escaped,True,False,2,0,-0.008760757723044894,0.01280893013487391,0.002054558897212593,0.5865772498613047,-0.7062928003389347,-0.3963301781779106
19,2,1.1632801027093445,2.263861044394796,2.191579067611316,0.013438739027255162,0.015,1.982421875,0.146484375,1.982421875,2.12890625,bounded_core_residence,escaped,True,False,1,0,-0.0055531386377206445,0.018921525174823463,-0.004091239784154325,0.5865772498613047,-0.7062928003389347,-0.3963301781779106
19,3,1.1632801027093445,2.263861044394796,0.9117617372852445,0.012221142302131371,0.015,2.12890625,0.146484375,2.12890625,2.275390625,two_core_entries,escaped,True,False,2,0,-0.017002295755704937,0.00875892611453877,-0.002925657451673643,0.5865772498613047,-0.7062928003389347,-0.3963301781779106
19,4,1.1632801027093445,2.263861044394796,4.723776717696333,0.007116781106964944,0.015,2.7734375,0.13671875,2.7734375,2.91015625,two_core_entries,escaped,True,True,2,1,-0.007059048605993145,0.00837289485277633,0.012478503030693668,0.5865772498613047,-0.7062928003389347,-0.3963301781779106
19,5,1.1632801027093445,2.263861044394796,3.1837227542842945,0.006963606470814032,0.015,3.45703125,0.13671875,3.45703125,3.59375,two_core_entries,escaped,True,False,2,0,-0.0033721029384364025,0.014950054921168788,0.006214225189594318,0.5865772498613047,-0.7062928003389347,-0.3963301781779106
19,6,1.1632801027093445,2.263861044394796,5.189222881331126,0.012471758308980696,0.015,3.046875,0.13671875,3.046875,3.18359375,two_core_entries,escaped,True,False,2,0,-0.010396435565021813,0.0035588562745272863,0.016118108601111868,0.5865772498613047,-0.7062928003389347,-0.3963301781779106
19,7,1.1632801027093445,2.263861044394796,3.345517404354179,0.010588615246398307,0.015,3.18359375,0.13671875,3.18359375,3.3203125,bounded_core_residence,escaped,True,False,1,0,-0.00027873183456064536,0.016565461885289682,0.007913694075946831,0.5865772498613047,-0.7062928003389347,-0.3963301781779106
19,8,1.1632801027093445,2.263861044394796,1.432499058902944,0.012336895993716178,0.015,0.0,3.0,0.0,3.0,escaped,escaped,False,False,0,0,-0.013201067163745455,0.013233327616004605,-0.005273506300891429,0.5865772498613047,-0.7062928003389347,-0.3963301781779106
19,9,1.1632801027093445,2.263861044394796,0.30774382416252605,0.013346652132057922,0.015,2.275390625,0.146484375,2.275390625,2.421875,bounded_core_residence,escaped,True,False,1,0,-0.019607455992668645,0.003700485861792174,0.0022332033083454148,0.5865772498613047,-0.7062928003389347,-0.3963301781779106
19,10,1.1632801027093445,2.263861044394796,2.6943099148468614,0.0034490381256267535,0.015,3.59375,0.13671875,3.59375,3.73046875,two_core_entries,escaped,True,False,2,0,-0.006784098198371462,0.013036029462306569,0.0045753482364466035,0.5865772498613047,-0.7062928003389347,-0.3963301781779106
19,11,1.1632801027093445,2.263861044394796,2.1437343426804194,0.00923248575654187,0.015,2.7734375,0.13671875,2.7734375,2.91015625,two_core_entries,escaped,True,False,2,0,-0.006912865307143245,0.016157465056285795,-0.00117788345983264,0.5865772498613047,-0.7062928003389347,-0.3963301781779106
19,12,1.1632801027093445,2.263861044394796,1.5074641623521683,0.011090255249920153,0.015,0.0,3.0,0.0,3.0,escaped,escaped,False,False,0,0,-0.012141208291830234,0.013520516808660007,-0.004216686845085428,0.5865772498613047,-0.7062928003389347,-0.3963301781779106
19,13,1.1632801027093445,2.263861044394796,4.154365211226466,0.010953646801483332,0.015,2.7734375,0.13671875,2.7734375,2.91015625,two_core_entries,escaped,True,False,2,0,-0.0019838379239181456,0.011466972554785423,0.014476025206218315,0.5865772498613047,-0.7062928003389347,-0.3963301781779106
19,14,1.1632801027093445,2.263861044394796,0.9550651984713878,0.01367637551167318,0.015,2.12890625,0.146484375,2.12890625,2.275390625,two_core_entries,escaped,True,False,2,0,-0.017702261237447794,0.008951876115846828,-0.004305474215923056,0.5865772498613047,-0.7062928003389347,-0.3963301781779106
19,15,1.1632801027093445,2.263861044394796,0.9315656301632584,0.014829247524486382,0.015,1.982421875,0.146484375,1.982421875,2.12890625,two_core_entries,escaped,True,False,2,0,-0.018618010256413346,0.008570811192344721,-0.0049817137352272025,0.5865772498613047,-0.7062928003389347,-0.3963301781779106
19,16,1.1632801027093445,2.263861044394796,3.5128800498894113,0.01409889385806318,0.015,3.18359375,0.13671875,3.18359375,3.3203125,bounded_core_residence,escaped,True,False,1,0,0.0026037225925773667,0.017428745515969138,0.010641347021003477,0.5865772498613047,-0.7062928003389347,-0.3963301781779106
19,17,1.1632801027093445,2.263861044394796,5.680687921011576,0.010082783365669286,0.015,3.45703125,0.13671875,3.45703125,3.59375,bounded_core_residence,escaped,True,False,1,0,-0.013742649062860136,0.0035446482395521447,0.011190960012077898,0.5865772498613047,-0.7062928003389347,-0.3963301781779106
19,18,1.1632801027093445,2.263861044394796,4.867696164379087,0.011549867360106325,0.015,2.421875,0.146484375,2.421875,2.568359375,two_core_entries,escaped,True,True,2,1,-0.007283662260893112,0.005973858244604291,0.016421349450598276,0.5865772498613047,-0.7062928003389347,-0.3963301781779106
19,19,1.1632801027093445,2.263861044394796,6.010051848645568,0.014756121215880214,0.015,3.18359375,0.13671875,3.18359375,3.3203125,two_core_entries,escaped,True,False,2,0,-0.01872170187727642,0.0003025999676120137,0.009599449224603254,0.5865772498613047,-0.7062928003389347,-0.3963301781779106
19,20,1.1632801027093445,2.263861044394796,5.688047142329794,0.006175554049240472,0.015,3.3203125,0.13671875,3.3203125,3.45703125,bounded_core_residence,escaped,True,False,1,0,-0.011855991402755957,0.006271608230450816,0.009123588432004632,0.5865772498613047,-0.7062928003389347,-0.3963301781779106
19,21,1.1632801027093445,2.263861044394796,5.1469866235865815,0.013435615400949605,0.015,3.046875,0.13671875,3.046875,3.18359375,two_core_entries,escaped,True,False,2,0,-0.010064712808945431,0.003264518393883512,0.017133599648984452,0.5865772498613047,-0.7062928003389347,-0.3963301781779106
19,22,1.1632801027093445,2.263861044394796,1.0529087997331497,0.012623454534964348,0.015,2.5,0.25,2.5,2.75,two_core_entries,escaped,True,False,2,0,-0.016383388818403774,0.009945901909948863,-0.0041249497474502295,0.5865772498613047,-0.7062928003389347,-0.3963301781779106
19,23,1.1632801027093445,2.263861044394796,2.4775458534719754,0.010276428991259896,0.015,2.91015625,0.13671875,2.91015625,3.046875,two_core_entries,escaped,True,False,2,0,-0.004176707798166819,0.017695851593127476,0.00013015826960742667,0.5865772498613047,-0.7062928003389347,-0.3963301781779106
19,24,1.1632801027093445,2.263861044394796,1.234428273133667,0.010366608292622027,0.015,2.75,0.25,2.75,3.0,two_core_entries,escaped,True,False,2,0,-0.013908746801153025,0.011391915520917487,-0.00303934050056167,0.5865772498613047,-0.7062928003389347,-0.3963301781779106
20,0,1.743841324096529,1.4114836201681273,2.617738387661531,0.014906801440196427,0.015,0.0,8.75,0.0,8.75,escaped,escaped,False,False,0,0,0.014884683144486342,0.01127352203997051,-0.009928073210849403,-0.15627037717799283,-0.9725907154398196,0.17218266305557
20,1,1.743841324096529,1.4114836201681273,0.5696677485377382,0.004722184836700583,0.015,7.8125,0.234375,7.8125,8.046875,two_core_entries,escaped,True,False,2,0,-0.001651616259164311,0.014786702420954893,-0.005091623010254753,-0.15627037717799283,-0.9725907154398196,0.17218266305557
20,2,1.743841324096529,1.4114836201681273,3.5150569646598795,0.010259685192433287,0.015,4.5,0.25,4.5,4.75,two_core_entries,escaped,True,False,2,0,0.011877808076224114,0.01370980764669144,0.0011045315038245651,-0.15627037717799283,-0.9725907154398196,0.17218266305557
20,3,1.743841324096529,1.4114836201681273,1.256710376238672,0.009201996908755419,0.015,3.046875,0.13671875,3.046875,3.18359375,bounded_core_residence,escaped,True,False,1,0,-0.0007019309635921613,0.013552032189641482,-0.01120385931552231,-0.15627037717799283,-0.9725907154398196,0.17218266305557
20,4,1.743841324096529,1.4114836201681273,3.1591199381939052,0.007674681511982581,0.015,5.46875,0.234375,5.46875,5.703125,bounded_core_residence,escaped,True,False,1,0,0.009924059443163855,0.013394405823523402,-0.002450239399258751,-0.15627037717799283,-0.9725907154398196,0.17218266305557
20,5,1.743841324096529,1.4114836201681273,0.43713898192967526,0.010967311097656182,0.015,8.25,0.25,8.25,8.5,bounded_core_residence,escaped,True,False,1,0,-0.0075929609929883575,0.015375786269251837,-0.00715639942107876,-0.15627037717799283,-0.9725907154398196,0.17218266305557
20,6,1.743841324096529,1.4114836201681273,0.16650419523003754,0.007896371335875452,0.015,9.21875,0.234375,9.21875,9.453125,bounded_core_residence,escaped,True,False,1,0,-0.005380245297015055,0.015601730017915085,-0.003871906670630145,-0.15627037717799283,-0.9725907154398196,0.17218266305557
20,7,1.743841324096529,1.4114836201681273,6.057215508280086,0.010135978420209475,0.015,4.27734375,0.13671875,4.27734375,4.4140625,two_core_entries,escaped,True,False,2,0,-0.007347113447926183,0.01654202199046659,-0.00034567468112971884,-0.15627037717799283,-0.9725907154398196,0.17218266305557
20,8,1.743841324096529,1.4114836201681273,5.241154559978144,0.013306314077381701,0.015,2.5,0.13671875,2.5,2.63671875,two_core_entries,escaped,True,False,2,0,-0.00396972362479547,0.01760691532142167,0.00873474793757404,-0.15627037717799283,-0.9725907154398196,0.17218266305557
20,9,1.743841324096529,1.4114836201681273,2.190268794778357,0.01033691517933517,0.015,0.0,6.0,0.0,6.0,escaped,escaped,False,False,0,0,0.008039838595437727,0.012205991537029242,-0.01087320474294724,-0.15627037717799283,-0.9725907154398196,0.17218266305557
20,10,1.743841324096529,1.4114836201681273,5.772226866775634,0.011618454207556517,0.015,3.3203125,0.13671875,3.3203125,3.45703125,bounded_core_residence,escaped,True,False,1,0,-0.007506915501051438,0.017162475973854972,0.00301398677502278,-0.15627037717799283,-0.9725907154398196,0.17218266305557
20,11,1.743841324096529,1.4114836201681273,4.704137329926188,0.00844834293495894,0.015,5.46875,0.234375,5.46875,5.703125,two_core_entries,escaped,True,False,2,0,0.0026436434602787827,0.016013989942328485,0.0057391439891849695,-0.15627037717799283,-0.9725907154398196,0.17218266305557
20,12,1.743841324096529,1.4114836201681273,5.05835018336579,0.014107148300183702,0.015,2.12890625,0.146484375,2.12890625,2.275390625,bounded_core_residence,escaped,True,False,1,0,-0.002016609359799393,0.017603903566158836,0.010490352667414268,-0.15627037717799283,-0.9725907154398196,0.17218266305557
20,13,1.743841324096529,1.4114836201681273,2.8600821935842884,0.008605192122688104,0.015,6.25,0.25,6.25,6.5,two_core_entries,escaped,True,False,2,0,0.010440540163814446,0.01287106720063184,-0.004937619028739469,-0.15627037717799283,-0.9725907154398196,0.17218266305557
20,14,1.743841324096529,1.4114836201681273,4.587506074542603,0.00862004413052088,0.015,5.234375,0.234375,5.234375,5.46875,two_core_entries,escaped,True,False,2,0,0.003637781937273852,0.01587254371552308,0.005842436083328629,-0.15627037717799283,-0.9725907154398196,0.17218266305557
20,15,1.743841324096529,1.4114836201681273,4.009715790645776,0.006693865274710346,0.015,8.984375,0.234375,8.984375,9.21875,two_core_entries,escaped,True,False,2,0,0.006754781504857711,0.014770995445028785,0.002449173881239163,-0.15627037717799283,-0.9725907154398196,0.17218266305557
20,16,1.743841324096529,1.4114836201681273,0.1891900321017587,0.010275588492248165,0.015,10.15625,0.15625,10.15625,10.3125,two_core_entries,escaped,True,False,2,0,-0.007673166922641982,0.015861367237779596,-0.004486341225050537,-0.15627037717799283,-0.9725907154398196,0.17218266305557
20,17,1.743841324096529,1.4114836201681273,3.109267209871797,0.005095454433403727,0.015,7.34375,0.234375,7.34375,7.578125,bounded_core_residence,escaped,True,False,1,0,0.007367857438229968,0.013752945224552655,-0.002744964535885176,-0.15627037717799283,-0.9725907154398196,0.17218266305557
20,18,1.743841324096529,1.4114836201681273,1.154234974284997,0.008642610832816573,0.015,3.59375,0.13671875,3.59375,3.73046875,bounded_core_residence,escaped,True,False,1,0,-0.0013245042045772078,0.013799996827851666,-0.010368244700568154,-0.15627037717799283,-0.9725907154398196,0.17218266305557
20,19,1.743841324096529,1.4114836201681273,3.4937975052952965,0.003360775497258483,0.015,7.8125,0.234375,7.8125,8.046875,two_core_entries,escaped,True,False,2,0,0.005490249329280125,0.014285530223343664,-0.0014406944447893375,-0.15627037717799283,-0.9725907154398196,0.17218266305557
20,20,1.743841324096529,1.4114836201681273,0.8562381064902492,0.00885469679480791,0.015,4.9609375,0.13671875,4.9609375,5.09765625,two_core_entries,escaped,True,False,2,0,-0.003567507219849562,0.014372250268539636,-0.009171530394801352,-0.15627037717799283,-0.9725907154398196,0.17218266305557
20,21,1.743841324096529,1.4114836201681273,5.141453427051118,0.014947923503518645,0.015,2.0,0.25,2.0,2.25,bounded_core_residence,escaped,True,False,1,0,-0.0034245414823396597,0.017886219444941898,0.01080722381882426,-0.15627037717799283,-0.9725907154398196,0.17218266305557
20,22,1.743841324096529,1.4114836201681273,0.5868462277838623,0.011777810591183402,0.015,5.75,0.25,5.75,6.0,two_core_entries,escaped,True,False,2,0,-0.007517172764534497,0.015035960553777483,-0.009007154166282505,-0.15627037717799283,-0.9725907154398196,0.17218266305557
20,23,1.743841324096529,1.4114836201681273,3.687145853113271,0.002978001034768384,0.015,8.046875,0.234375,8.046875,8.28125,bounded_core_residence,escaped,True,False,1,0,0.004899742346281907,0.014447706641714277,-0.0010605601812714862,-0.15627037717799283,-0.9725907154398196,0.17218266305557
20,24,1.743841324096529,1.4114836201681273,0.6217437449309516,0.006037997846902109,0.015,7.8125,0.234375,7.8125,8.046875,two_core_entries,escaped,True,False,2,0,-0.0025979253869443442,0.014769602628860404,-0.006047068700504766,-0.15627037717799283,-0.9725907154398196,0.17218266305557
21,0,0.5103353837234913,4.673025962864405,4.854571600197103,0.00479845611915032,0.015,5.234375,0.234375,5.234375,5.46875,two_core_entries,escaped,True,False,2,0,0.0005542029348036724,-0.0032065529800727787,0.015408960322502377,0.01922268517907487,0.4880915434197181,-0.8725807318619084
21,1,0.5103353837234913,4.673025962864405,2.5765842684036273,0.008742654326095176,0.015,7.0,0.25,7.0,7.25,two_core_entries,escaped,True,False,2,0,-0.007827266766754794,-0.011112196860728908,0.0108021748067717,0.01922268517907487,0.4880915434197181,-0.8725807318619084
21,2,0.5103353837234913,4.673025962864405,0.802026119488933,0.004615733662608986,0.015,8.984375,0.234375,8.984375,9.21875,two_core_entries,escaped,True,False,2,0,0.0028043484664668724,-0.010340320872388415,0.01146814680664732,0.01922268517907487,0.4880915434197181,-0.8725807318619084
21,3,0.5103353837234913,4.673025962864405,1.0276431734184417,0.012603438941773147,0.015,5.703125,0.234375,5.703125,5.9375,bounded_core_residence,escaped,True,False,1,0,0.005850050127365309,-0.016985213322687258,0.007818319195909328,0.01922268517907487,0.4880915434197181,-0.8725807318619084
21,4,0.5103353837234913,4.673025962864405,4.486337326979878,0.007412572755690211,0.015,5.0,0.234375,5.0,5.234375,two_core_entries,escaped,True,False,2,0,-0.0017003822708753671,-0.0009573619233307837,0.01661741234786722,0.01922268517907487,0.4880915434197181,-0.8725807318619084
21,5,0.5103353837234913,4.673025962864405,1.1245721357006309,0.01398255575490379,0.015,5.234375,0.234375,5.234375,5.46875,bounded_core_residence,escaped,True,False,1,0,0.005308205789967974,-0.018556548915044192,0.00692743163762124,0.01922268517907487,0.4880915434197181,-0.8725807318619084
21,6,0.5103353837234913,4.673025962864405,4.741278325701069,0.010116517423474972,0.015,6.40625,0.234375,6.40625,6.640625,bounded_core_residence,escaped,True,False,1,0,0.0003508937757293346,0.001484086833606484,0.018028263493968105,0.01922268517907487,0.4880915434197181,-0.8725807318619084
21,7,0.5103353837234913,4.673025962864405,1.7856154064628404,0.013799510508963799,0.015,12.8125,0.15625,12.8125,12.96875,two_core_entries,escaped,True,False,2,0,-0.0036906759988850025,-0.01896091781949181,0.006502999031272768,0.01922268517907487,0.4880915434197181,-0.8725807318619084
21,8,0.5103353837234913,4.673025962864405,6.1247461580232025,0.009604419405184335,0.015,3.3203125,0.13671875,3.3203125,3.45703125,two_core_entries,escaped,True,False,2,0,0.00924046993873386,-0.006373352968353141,0.013828917505098563,0.01922268517907487,0.4880915434197181,-0.8725807318619084
21,9,0.5103353837234913,4.673025962864405,4.484074702569499,0.014114594714164737,0.015,6.40625,0.234375,6.40625,6.640625,two_core_entries,escaped,True,False,2,0,-0.0030084077414020247,0.004791563816737162,0.019804347578164114,0.01922268517907487,0.4880915434197181,-0.8725807318619084
21,10,0.5103353837234913,4.673025962864405,6.008428464117261,0.008466868144279062,0.015,3.45703125,0.13671875,3.45703125,3.59375,two_core_entries,escaped,True,False,2,0,0.007933514642922291,-0.005639156693023592,0.014210809736769836,0.01922268517907487,0.4880915434197181,-0.8725807318619084
21,11,0.5103353837234913,4.673025962864405,5.6234429440421705,0.011356199384357139,0.015,2.275390625,0.146484375,2.275390625,2.421875,bounded_core_residence,escaped,True,False,1,0,0.00891682058703739,-0.001605714061647133,0.016488640254068505,0.01922268517907487,0.4880915434197181,-0.8725807318619084
21,12,0.5103353837234913,4.673025962864405,0.058613603545363005,0.0028526647540962928,0.015,6.640625,0.234375,6.640625,6.875,bounded_core_residence,escaped,True,False,1,0,0.0025514814025348873,-0.007579144212804441,0.013007083141630748,0.01922268517907487,0.4880915434197181,-0.8725807318619084
21,13,0.5103353837234913,4.673025962864405,0.4700562359596316,0.01265250892565388,0.015,4.0,0.25,4.0,4.25,two_core_entries,escaped,True,False,2,0,0.010786388538824743,-0.012761979817935965,0.010289396266538499,0.01922268517907487,0.4880915434197181,-0.8725807318619084
21,14,0.5103353837234913,4.673025962864405,0.6503720600535501,0.0064565687892389895,0.015,8.046875,0.234375,8.046875,8.28125,two_core_entries,escaped,True,False,2,0,0.00471195393552924,-0.010932160550163352,0.011179116080669243,0.01922268517907487,0.4880915434197181,-0.8725807318619084
21,15,0.5103353837234913,4.673025962864405,2.3140261512678375,0.009203340326721487,0.015,8.28125,0.234375,8.28125,8.515625,two_core_entries,escaped,True,False,2,0,-0.006743824259979035,-0.012984585998603193,0.009778692855635365,0.01922268517907487,0.4880915434197181,-0.8725807318619084
21,16,0.5103353837234913,4.673025962864405,1.9222026583449923,0.011071012173353779,0.015,12.34375,0.15625,12.34375,12.5,two_core_entries,escaped,True,False,2,0,-0.004453166439725025,-0.01623438309756666,0.008011331015761125,0.01922268517907487,0.4880915434197181,-0.8725807318619084
21,17,0.5103353837234913,4.673025962864405,5.525992801017489,0.010392030660404943,0.015,2.275390625,0.146484375,2.275390625,2.421875,two_core_entries,escaped,True,False,2,0,0.007503509844876628,-0.0013948304064178981,0.016575466490930744,0.01922268517907487,0.4880915434197181,-0.8725807318619084
21,18,0.5103353837234913,4.673025962864405,0.05801309823525747,0.010716307447041596,0.015,3.25,0.25,3.25,3.5,two_core_entries,escaped,True,False,2,0,0.01038031629106656,-0.008284128163951207,0.012785206277575957,0.01922268517907487,0.4880915434197181,-0.8725807318619084
21,19,0.5103353837234913,4.673025962864405,4.521591181913973,0.007677348470819049,0.015,5.234375,0.234375,5.234375,5.46875,two_core_entries,escaped,True,False,2,0,-0.0014843173642836798,-0.0006916331400088982,0.016770811700812665,0.01922268517907487,0.4880915434197181,-0.8725807318619084
21,20,0.5103353837234913,4.673025962864405,1.940491451594608,0.013000297573966941,0.015,11.875,0.15625,11.875,12.03125,two_core_entries,escaped,True,False,2,0,-0.005398364923994825,-0.017705716688667276,0.007167495357495685,0.01922268517907487,0.4880915434197181,-0.8725807318619084
21,21,0.5103353837234913,4.673025962864405,1.8180292149585544,0.012847685271169786,0.015,12.96875,0.15625,12.96875,13.125,two_core_entries,escaped,True,False,2,0,-0.003857771293987834,-0.018058987500691417,0.007003826662631484,0.01922268517907487,0.4880915434197181,-0.8725807318619084
21,22,0.5103353837234913,4.673025962864405,0.35747691384275215,0.013693236963046687,0.015,2.5,0.25,2.5,2.75,bounded_core_residence,escaped,True,False,1,0,0.012364779609017745,-0.012003841568389084,0.010748244105321636,0.01922268517907487,0.4880915434197181,-0.8725807318619084
21,23,0.5103353837234913,4.673025962864405,2.5113968499402177,0.005788219430965653,0.015,8.046875,0.234375,8.046875,8.28125,bounded_core_residence,escaped,True,False,1,0,-0.005078219848848211,-0.010111424799379641,0.011422532813446531,0.01922268517907487,0.4880915434197181,-0.8725807318619084
21,24,0.5103353837234913,4.673025962864405,0.8839308803997642,0.009202836105521533,0.015,8.28125,0.234375,8.28125,8.515625,two_core_entries,escaped,True,False,2,0,0.005298457629840072,-0.01375547873650116,0.009612769832860073,0.01922268517907487,0.4880915434197181,-0.8725807318619084
22,0,0.975150926067881,2.7140466364686917,0.587056682647805,0.01006683963166232,0.014999999999999998,2.91015625,0.13671875,2.91015625,3.046875,two_core_entries,escaped,True,False,2,0,-0.017621222538928935,-0.0011812816661149212,0.003799782892278291,0.7532741975842046,-0.34323256653785417,-0.5610431253671238
22,1,0.975150926067881,2.7140466364686917,0.13374320054318323,0.01441731021031934,0.014999999999999998,2.63671875,0.13671875,2.63671875,2.7734375,two_core_entries,escaped,True,False,2,0,-0.018205208907178368,-0.007406674765415346,0.006824248769346782,0.7532741975842046,-0.34323256653785417,-0.5610431253671238
22,2,0.975150926067881,2.7140466364686917,2.7451667174609558,0.010546651153408915,0.014999999999999998,2.91015625,0.13671875,2.91015625,3.046875,two_core_entries,escaped,True,False,2,0,-0.009344289248391136,0.014948836722983621,0.005044639692156379,0.7532741975842046,-0.34323256653785417,-0.5610431253671238
22,3,0.975150926067881,2.7140466364686917,6.053957950767579,0.013925856529888484,0.014999999999999998,2.75,0.25,2.75,3.0,two_core_entries,escaped,True,False,2,0,-0.015306766863524822,-0.007928479633901378,0.011035016038572265,0.7532741975842046,-0.34323256653785417,-0.5610431253671238
22,4,0.975150926067881,2.7140466364686917,4.038774558060279,0.013225794600164554,0.014999999999999998,3.18359375,0.13671875,3.18359375,3.3203125,two_core_entries,escaped,True,False,2,0,-0.002600734283713475,0.010251602329790943,0.016972403296619018,0.7532741975842046,-0.34323256653785417,-0.5610431253671238
22,5,0.975150926067881,2.7140466364686917,3.1455415277228282,0.008296021951999414,0.014999999999999998,3.18359375,0.13671875,3.18359375,3.3203125,two_core_entries,escaped,True,False,2,0,-0.007842560578518148,0.012690072578404401,0.00844276505388832,0.7532741975842046,-0.34323256653785417,-0.5610431253671238
22,6,0.975150926067881,2.7140466364686917,2.6685181731389913,0.010153649854539844,0.014999999999999998,2.91015625,0.13671875,2.91015625,3.046875,two_core_entries,escaped,True,False,2,0,-0.009913299013378805,0.014449597641844716,0.00458609158529737,0.7532741975842046,-0.34323256653785417,-0.5610431253671238
22,7,0.975150926067881,2.7140466364686917,6.070366062871204,0.014908027609367911,0.014999999999999998,2.75,0.25,2.75,3.0,two_core_entries,escaped,True,False,2,0,-0.01573350171119308,-0.008844058726551956,0.011022197437301713,0.7532741975842046,-0.34323256653785417,-0.5610431253671238
22,8,0.975150926067881,2.7140466364686917,4.767959369920038,0.014556451757292197,0.014999999999999998,2.421875,0.146484375,2.421875,2.568359375,two_core_entries,escaped,True,False,2,0,-0.004214145662293263,0.0010317274664425231,0.020446681944372734,0.7532741975842046,-0.34323256653785417,-0.5610431253671238
22,9,0.975150926067881,2.7140466364686917,2.6953470949454896,0.010082794238638457,0.014999999999999998,2.91015625,0.13671875,2.91015625,3.046875,two_core_entries,escaped,True,False,2,0,-0.00974944220304991,0.014437500233805994,0.004813491808132836,0.7532741975842046,-0.34323256653785417,-0.5610431253671238
22,10,0.975150926067881,2.7140466364686917,0.6933062804120317,0.007605975837748402,0.014999999999999998,3.45703125,0.13671875,3.45703125,3.59375,two_core_entries,escaped,True,False,2,0,-0.016206434750262674,0.0009558169957833082,0.004391896515226947,0.7532741975842046,-0.34323256653785417,-0.5610431253671238
22,11,0.975150926067881,2.7140466364686917,0.3860528838375991,0.009262135160792896,0.014999999999999998,2.7734375,0.13671875,2.7734375,2.91015625,two_core_entries,escaped,True,False,2,0,-0.016637429236211462,-0.001848312766372492,0.0055287282501961105,0.7532741975842046,-0.34323256653785417,-0.5610431253671238
22,12,0.975150926067881,2.7140466364686917,0.5124623167306718,0.01363650797656715,0.014999999999999998,1.982421875,0.146484375,1.982421875,2.12890625,bounded_core_residence,escaped,True,False,1,0,-0.019640639079832326,-0.004111036224229592,0.0028808032723208806,0.7532741975842046,-0.34323256653785417,-0.5610431253671238
22,13,0.975150926067881,2.7140466364686917,3.2171504496745413,0.008787605814411762,0.014999999999999998,3.046875,0.13671875,3.046875,3.18359375,two_core_entries,escaped,True,False,2,0,-0.007327162309901548,0.012967958321371273,0.00896475127424175,0.7532741975842046,-0.34323256653785417,-0.5610431253671238
22,14,0.975150926067881,2.7140466364686917,4.972843293562874,0.009389663395391863,0.014999999999999998,3.046875,0.13671875,3.046875,3.18359375,two_core_entries,escaped,True,False,2,0,-0.007669587794149658,0.0008374720649007433,0.015926137079879204,0.7532741975842046,-0.34323256653785417,-0.5610431253671238
22,15,0.975150926067881,2.7140466364686917,4.44397256435963,0.012432598557389048,0.014999999999999998,2.63671875,0.13671875,2.63671875,2.7734375,two_core_entries,escaped,True,False,2,0,-0.0038119006489684814,0.005360245591284866,0.018338666460042754,0.7532741975842046,-0.34323256653785417,-0.5610431253671238
22,16,0.975150926067881,2.7140466364686917,6.032421744900332,0.011055404902796337,0.014999999999999998,3.25,0.25,3.25,3.5,two_core_entries,escaped,True,False,2,0,-0.014339158713320276,-0.005235304309644669,0.01068653796813544,0.7532741975842046,-0.34323256653785417,-0.5610431253671238
22,17,0.975150926067881,2.7140466364686917,2.2105180955174175,0.012919851176787319,0.014999999999999998,0.0,3.5,0.0,3.5,escaped,escaped,False,False,0,0,-0.013392903339575815,0.014578259556346939,-0.0001644471796377056,0.7532741975842046,-0.34323256653785417,-0.5610431253671238
22,18,0.975150926067881,2.7140466364686917,0.7393120075796178,0.005093307737434307,0.014999999999999998,3.73046875,0.13671875,3.73046875,3.8671875,two_core_entries,escaped,True,False,2,0,-0.014611711386820079,0.0025219896786793368,0.00557487597324958,0.7532741975842046,-0.34323256653785417,-0.5610431253671238
22,19,0.975150926067881,2.7140466364686917,3.9916163698943046,0.01371148357248548,0.014999999999999998,3.3203125,0.13671875,3.3203125,3.45703125,bounded_core_residence,escaped,True,False,1,0,-0.002287719264086118,0.01098663192312832,0.016942993871006565,0.7532741975842046,-0.34323256653785417,-0.5610431253671238
22,20,0.975150926067881,2.7140466364686917,2.8976012409405216,0.006064480611002757,0.014999999999999998,3.73046875,0.13671875,3.73046875,3.8671875,two_core_entries,escaped,True,False,2,0,-0.009606986213795549,0.01084444195442982,0.007202903558022483,0.7532741975842046,-0.34323256653785417,-0.5610431253671238
22,21,0.975150926067881,2.7140466364686917,5.294568726687797,0.0035249741008199957,0.014999999999999998,3.59375,0.13671875,3.59375,3.73046875,two_core_entries,escaped,True,False,2,0,-0.010599580494985104,0.0026998288534050108,0.010852891776116853,0.7532741975842046,-0.34323256653785417,-0.5610431253671238
22,22,0.975150926067881,2.7140466364686917,1.7217312331417314,0.009598952208488257,0.014999999999999998,3.8671875,0.13671875,3.8671875,4.00390625,two_core_entries,escaped,True,False,2,0,-0.015545601816238964,0.008669511821671756,0.0005601003889331106,0.7532741975842046,-0.34323256653785417,-0.5610431253671238
22,23,0.975150926067881,2.7140466364686917,3.990889004160025,0.014721699428441298,0.014999999999999998,3.3203125,0.13671875,3.3203125,3.45703125,bounded_core_residence,escaped,True,False,1,0,-0.0016240649652901288,0.01142572973156519,0.017565407685309023,0.7532741975842046,-0.34323256653785417,-0.5610431253671238
22,24,0.975150926067881,2.7140466364686917,5.3984816049923126,0.00423492273728324,0.014999999999999998,3.45703125,0.13671875,3.45703125,3.59375,bounded_core_residence,escaped,True,False,1,0,-0.010738670710396012,0.0019448301168876136,0.011128034767239373,0.7532741975842046,-0.34323256653785417,-0.5610431253671238
23,0,1.9851868420910923,4.775533943572799,1.078923972849928,0.012277673954431223,0.014999999999999998,2.12890625,0.146484375,2.12890625,2.275390625,two_core_entries,escaped,True,False,2,0,0.006378377611408651,-0.0089884994091056,-0.015945671988038257,-0.05776208923062649,0.913537589898721,0.402632106133812
23,1,1.9851868420910923,4.775533943572799,3.4467965357540993,0.008729282058129442,0.014999999999999998,3.73046875,0.13671875,3.73046875,3.8671875,bounded_core_residence,escaped,True,False,1,0,-0.007376195452035301,-0.015282466792270247,-0.003638449483902641,-0.05776208923062649,0.913537589898721,0.402632106133812
23,2,1.9851868420910923,4.775533943572799,5.302713774304146,0.00835865753160459,0.014999999999999998,7.8125,0.234375,7.8125,8.046875,two_core_entries,escaped,True,False,2,0,0.005686274735750393,-0.016199785698832837,0.0003168259334524982,-0.05776208923062649,0.913537589898721,0.402632106133812
23,3,1.9851868420910923,4.775533943572799,4.526287839041612,0.01313194743460432,0.014999999999999998,5.9375,0.234375,5.9375,6.171875,bounded_core_residence,escaped,True,False,1,0,-0.0012306280289070943,-0.019042082804779998,0.0057734461576757655,-0.05776208923062649,0.913537589898721,0.402632106133812
23,4,1.9851868420910923,4.775533943572799,4.0754519774308875,0.010070840944636044,0.014999999999999998,5.46875,0.234375,5.46875,5.703125,bounded_core_residence,escaped,True,False,1,0,-0.004905420030421521,-0.01733429698890019,0.0013714370411735469,-0.05776208923062649,0.913537589898721,0.402632106133812
23,5,1.9851868420910923,4.775533943572799,4.721053433810624,0.01206009884995672,0.014999999999999998,9.6875,0.234375,9.6875,9.921875,two_core_entries,escaped,True,False,2,0,0.0012771189588944123,-0.018542393648343997,0.004999458893261549,-0.05776208923062649,0.913537589898721,0.402632106133812
23,6,1.9851868420910923,4.775533943572799,2.693735400151847,0.006308175354907916,0.014999999999999998,5.234375,0.234375,5.234375,5.46875,two_core_entries,escaped,True,False,2,0,-0.004877685143190001,-0.012964207775963422,-0.008539940321443742,-0.05776208923062649,0.913537589898721,0.402632106133812
23,7,1.9851868420910923,4.775533943572799,4.0370475131613865,0.013555318130708083,0.014999999999999998,2.63671875,0.13671875,2.63671875,2.7734375,two_core_entries,escaped,True,False,2,0,-0.007322169553177466,-0.018489110161931444,0.0036448989120670414,-0.05776208923062649,0.913537589898721,0.402632106133812
23,8,1.9851868420910923,4.775533943572799,3.8419268524484,0.009053400250113213,0.014999999999999998,4.4140625,0.13671875,4.4140625,4.55078125,bounded_core_residence,escaped,True,False,1,0,-0.0058940018938477634,-0.016484437984855924,-0.0006986430329632394,-0.05776208923062649,0.913537589898721,0.402632106133812
23,9,1.9851868420910923,4.775533943572799,2.0763237652891875,0.0034124440838142474,0.014999999999999998,5.9375,0.234375,5.9375,6.171875,two_core_entries,escaped,True,False,2,0,-0.000858672324724278,-0.012607636360610705,-0.008772397725965136,-0.05776208923062649,0.913537589898721,0.402632106133812
23,10,1.9851868420910923,4.775533943572799,3.449155138885757,0.009772142292684955,0.014999999999999998,3.59375,0.13671875,3.59375,3.73046875,bounded_core_residence,escaped,True,False,1,0,-0.00835342027561896,-0.01547954478867615,-0.0033314903305771528,-0.05776208923062649,0.913537589898721,0.402632106133812
23,11,1.9851868420910923,4.775533943572799,1.4281225591498607,0.010590332463289873,0.014999999999999998,3.046875,0.13671875,3.046875,3.18359375,bounded_core_residence,escaped,True,False,1,0,0.0021029341474400054,-0.009395769668000398,-0.01563497112246856,-0.05776208923062649,0.913537589898721,0.402632106133812
23,12,1.9851868420910923,4.775533943572799,2.451979867680977,0.013954827676983856,0.014999999999999998,0.0,3.25,0.0,3.25,escaped,escaped,False,False,0,0,-0.010103737297525176,-0.010814749290225557,-0.014166612365222642,-0.05776208923062649,0.913537589898721,0.402632106133812
23,13,1.9851868420910923,4.775533943572799,0.5824691943610677,0.01245732904353629,0.014999999999999998,0.0,4.25,0.0,4.25,escaped,escaped,False,False,0,0,0.01107479306526646,-0.010293003335383116,-0.012312111427299979,-0.05776208923062649,0.913537589898721,0.402632106133812
23,14,1.9851868420910923,4.775533943572799,0.7717427902652026,0.011992862904886558,0.014999999999999998,5.25,0.25,5.25,5.5,bounded_core_residence,escaped,True,False,1,0,0.009232044741533517,-0.009799916818826311,-0.013695245192759876,-0.05776208923062649,0.913537589898721,0.402632106133812
23,15,1.9851868420910923,4.775533943572799,2.449560707537041,0.0136854175450591,0.014999999999999998,0.0,3.25,0.0,3.25,escaped,escaped,False,False,0,0,-0.00987154400016843,-0.010858926296946509,-0.014033067808317382,-0.05776208923062649,0.913537589898721,0.402632106133812
23,16,1.9851868420910923,4.775533943572799,5.636146657634379,0.012541432488732223,0.014999999999999998,2.91015625,0.13671875,2.91015625,3.046875,bounded_core_residence,escaped,True,False,1,0,0.01104503933574984,-0.016109580725866064,0.0008809334696623927,-0.05776208923062649,0.913537589898721,0.402632106133812
23,17,1.9851868420910923,4.775533943572799,5.878914473917484,0.013640611120725074,0.014999999999999998,0.0,3.0,0.0,3.0,escaped,escaped,False,False,0,0,0.013518794564727321,-0.015067709418055426,-0.001128094923573091,-0.05776208923062649,0.913537589898721,0.402632106133812
23,18,1.9851868420910923,4.775533943572799,2.939373753285414,0.014147695509872873,0.014999999999999998,0.0,3.25,0.0,3.25,escaped,escaped,False,False,0,0,-0.013037553963863666,-0.01343584640721125,-0.008640457522680636,-0.05776208923062649,0.913537589898721,0.402632106133812
23,19,1.9851868420910923,4.775533943572799,1.0000412124814688,0.014669884190865796,0.014999999999999998,7.6953125,0.146484375,7.6953125,7.841796875,two_core_entries,escaped,True,False,2,0,0.008462656013523343,-0.008242500681459305,-0.017339265782792945,-0.05776208923062649,0.913537589898721,0.402632106133812
23,20,1.9851868420910923,4.775533943572799,2.3420093939833517,0.0037916449130607557,0.014999999999999998,5.703125,0.234375,5.703125,5.9375,two_core_entries,escaped,True,False,2,0,-0.00184017819919176,-0.012777314349311024,-0.008528220996248247,-0.05776208923062649,0.913537589898721,0.402632106133812
23,21,1.9851868420910923,4.775533943572799,3.542386878558605,0.004361103125984279,0.014999999999999998,5.234375,0.234375,5.234375,5.46875,two_core_entries,escaped,True,False,2,0,-0.0030978276576097328,-0.014640159933664925,-0.004482008634075825,-0.05776208923062649,0.913537589898721,0.402632106133812
23,22,1.9851868420910923,4.775533943572799,5.690341491103953,0.011558967480740628,0.014999999999999998,3.3203125,0.13671875,3.3203125,3.45703125,two_core_entries,escaped,True,False,2,0,0.010597901267587357,-0.01569324290214215,-0.00012784818205479123,-0.05776208923062649,0.913537589898721,0.402632106133812
23,23,1.9851868420910923,4.775533943572799,3.9326268501566477,0.0043382875448492305,0.014999999999999998,6.171875,0.234375,6.171875,6.40625,bounded_core_residence,escaped,True,False,1,0,-0.0020994058302699543,-0.015135140113931739,-0.0032157064096830696,-0.05776208923062649,0.913537589898721,0.402632106133812
23,24,1.9851868420910923,4.775533943572799,4.091594012765885,0.0077754295462564415,0.014999999999999998,7.109375,0.234375,7.109375,7.34375,two_core_entries,escaped,True,False,2,0,-0.0034866894926603343,-0.016529904327046863,-0.0002501278657947633,-0.05776208923062649,0.913537589898721,0.402632106133812
24,0,2.2574279505072807,3.3023237813019723,2.0998073672847544,0.010757156839376189,0.015,2.5,0.13671875,2.5,2.63671875,bounded_core_residence,escaped,True,False,1,0,-0.006508798377065845,0.00444453984241574,-0.01669125617030731,0.7634172060927197,0.1237726164193427,0.6339357292867285
24,1,2.2574279505072807,3.3023237813019723,4.313789721794843,0.005966141490322099,0.015,7.578125,0.234375,7.578125,7.8125,bounded_core_residence,escaped,True,False,1,0,-0.015262573218950932,-0.000128654464551159,-0.005256629247669619,0.7634172060927197,0.1237726164193427,0.6339357292867285
24,2,2.2574279505072807,3.3023237813019723,3.2744355382634254,0.01247626692489996,0.015,0.0,3.25,0.0,3.25,escaped,escaped,False,False,0,0,-0.014464451162633158,0.010182702406711054,-0.008231006052817232,0.7634172060927197,0.1237726164193427,0.6339357292867285
24,3,2.2574279505072807,3.3023237813019723,0.5749381996329457,0.01323719345746236,0.015,3.0,0.25,3.0,3.25,two_core_entries,escaped,True,False,2,0,-0.005169021065901012,-0.012092106365426377,-0.01507599003375137,0.7634172060927197,0.1237726164193427,0.6339357292867285
24,4,2.2574279505072807,3.3023237813019723,4.076573960478223,0.009066912704242867,0.015,5.234375,0.234375,5.234375,5.46875,bounded_core_residence,escaped,True,False,1,0,-0.016877984735719193,0.00271811941467611,-0.0038670872882250115,0.7634172060927197,0.1237726164193427,0.6339357292867285
24,5,2.2574279505072807,3.3023237813019723,5.030423145937125,0.01160269062530011,0.015,7.34375,0.234375,7.34375,7.578125,bounded_core_residence,escaped,True,False,1,0,-0.017767058521472957,-0.006556104237746186,-0.0009856766532634724,0.7634172060927197,0.1237726164193427,0.6339357292867285
24,6,2.2574279505072807,3.3023237813019723,1.986722205388543,0.008766192370733821,0.015,3.18359375,0.13671875,3.18359375,3.3203125,bounded_core_residence,escaped,True,False,1,0,-0.007000210612983103,0.0024531731575250194,-0.015710669034569767,0.7634172060927197,0.1237726164193427,0.6339357292867285
24,7,2.2574279505072807,3.3023237813019723,4.853881244475839,0.0062396216218027385,0.015,9.21875,0.234375,9.21875,9.453125,two_core_entries,escaped,True,False,2,0,-0.01517595170556131,-0.0033518778292356373,-0.004731625812722044,0.7634172060927197,0.1237726164193427,0.6339357292867285
24,8,2.2574279505072807,3.3023237813019723,4.725430538832784,0.01491247874391463,0.015,4.55078125,0.13671875,4.55078125,4.6875,two_core_entries,escaped,True,False,2,0,-0.02075104239287977,-0.0035613765324894867,0.0020230815827458337,0.7634172060927197,0.1237726164193427,0.6339357292867285
24,9,2.2574279505072807,3.3023237813019723,3.561230972342711,0.014577782001770597,0.015,2.5,0.25,2.5,2.75,bounded_core_residence,escaped,True,False,1,0,-0.01729854790246186,0.01068218945366486,-0.004915566806929837,0.7634172060927197,0.1237726164193427,0.6339357292867285
24,10,2.2574279505072807,3.3023237813019723,2.68234137873979,0.009430517516840873,0.015,3.25,0.25,3.25,3.5,two_core_entries,escaped,True,False,2,0,-0.010188231057452634,0.006911938209317626,-0.012742045312506747,0.7634172060927197,0.1237726164193427,0.6339357292867285
24,11,2.2574279505072807,3.3023237813019723,6.242586268246277,0.01017442925334092,0.015,0.0,3.5,0.0,3.5,escaped,escaped,False,False,0,0,-0.01008269956478303,-0.011933496360335562,-0.009189659663742798,0.7634172060927197,0.1237726164193427,0.6339357292867285
24,12,2.2574279505072807,3.3023237813019723,0.9117790337336071,0.0026520315200824927,0.015,4.4140625,0.13671875,4.4140625,4.55078125,two_core_entries,escaped,True,True,2,1,-0.009879332980567838,-0.0032468841574080733,-0.011130579244178988,0.7634172060927197,0.1237726164193427,0.6339357292867285
24,13,2.2574279505072807,3.3023237813019723,3.744226612627778,0.014809505231527709,0.015,1.8359375,0.146484375,1.8359375,1.982421875,two_core_entries,escaped,True,False,2,0,-0.01865668383773557,0.009335255991383785,-0.0030170497106869233,0.7634172060927197,0.1237726164193427,0.6339357292867285
24,14,2.2574279505072807,3.3023237813019723,1.3064224870851404,0.005350521440855011,0.015,3.73046875,0.13671875,3.73046875,3.8671875,two_core_entries,escaped,True,True,2,1,-0.00799566399353591,-0.002712708593034156,-0.013503282900124739,0.7634172060927197,0.1237726164193427,0.6339357292867285
24,15,2.2574279505072807,3.3023237813019723,4.149906944126136,0.012566873929595653,0.015,4.140625,0.13671875,4.140625,4.27734375,two_core_entries,escaped,True,False,2,0,-0.019176152395040766,0.0036802423110037273,-0.0012873679415074234,0.7634172060927197,0.1237726164193427,0.6339357292867285
24,16,2.2574279505072807,3.3023237813019723,5.911926772278219,0.012783222542532306,0.015,0.0,2.75,0.0,2.75,escaped,escaped,False,False,0,0,-0.012446860848723804,-0.014085875174051844,-0.005922377408224048,0.7634172060927197,0.1237726164193427,0.6339357292867285
24,17,2.2574279505072807,3.3023237813019723,3.224989367052767,0.014239681507428464,0.015,0.0,2.75,0.0,2.75,escaped,escaped,False,False,0,0,-0.014464516780229683,0.0120303558557406,-0.008591671649434815,0.7634172060927197,0.1237726164193427,0.6339357292867285
24,18,2.2574279505072807,3.3023237813019723,1.6627963293293588,0.0017477711272030855,0.015,4.55078125,0.13671875,4.55078125,4.6875,two_core_entries,escaped,True,True,2,1,-0.010387887300400045,-0.0015215203608416154,-0.010855020826272817,0.7634172060927197,0.1237726164193427,0.6339357292867285
24,19,2.2574279505072807,3.3023237813019723,6.226046600349332,0.004314742648587392,0.015,4.4140625,0.13671875,4.4140625,4.55078125,bounded_core_residence,escaped,True,False,1,0,-0.010916045146521825,-0.006133765403168566,-0.009318470070860806,0.7634172060927197,0.1237726164193427,0.6339357292867285
24,20,2.2574279505072807,3.3023237813019723,6.086580585048171,0.011523858086256753,0.015,0.0,3.25,0.0,3.25,escaped,escaped,False,False,0,0,-0.011051154095623761,-0.013241153859042882,-0.0077680848880607055,0.7634172060927197,0.1237726164193427,0.6339357292867285
24,21,2.2574279505072807,3.3023237813019723,1.2883040672081196,0.014104152883702063,0.015,2.7734375,0.13671875,2.7734375,2.91015625,two_core_entries,escaped,True,False,2,0,-0.0023460008877709618,-0.004363225948427092,-0.019984635791637322,0.7634172060927197,0.1237726164193427,0.6339357292867285
24,22,2.2574279505072807,3.3023237813019723,4.892058594823039,0.013216760239930951,0.015,4.82421875,0.13671875,4.82421875,4.9609375,bounded_core_residence,escaped,True,False,1,0,-0.0192107084617679,-0.005507362566495508,0.0005480777298364995,0.7634172060927197,0.1237726164193427,0.6339357292867285
24,23,2.2574279505072807,3.3023237813019723,1.9167681995032695,0.009682920190229908,0.015,3.046875,0.13671875,3.046875,3.18359375,two_core_entries,escaped,True,False,2,0,-0.006276565573209875,0.0023088444421223457,-0.016553939270084306,0.7634172060927197,0.1237726164193427,0.6339357292867285
24,24,2.2574279505072807,3.3023237813019723,5.895423786133282,0.008848481115302665,0.015,0.0,4.0,0.0,4.0,escaped,escaped,False,False,0,0,-0.012233942188465014,-0.01028199926208945,-0.006921471501895805,0.7634172060927197,0.1237726164193427,0.6339357292867285
